14001
14004
14006
14025
14026
14030
14031
14032
14033
14034
14043
14047
14051
14052
14055
14057
14059
14068
14069
14072
14075
14080
14081
14085
14086
14091
14102
14111
14127
14134
14139
14141
14150
14170
14201
14202
14203
14204
14206
14207
14208
14209
14210
14211
14212
14213
14214
14215
14216
14217
14218
14219
14220
14221
14222
14223
14224
14225
14226
14227
14228
14260
14008
14012
14028
14067
14092
14094
14105
14108
14109
14120
14131
14132
14172
14174
14301
14303
14304
14305
14041
14042
14065
14070
14101
14129
14138
14171
14706
14719
14726
14729
14731
14737
14741
14743
14748
14753
14755
14760
14770
14772
14779
14048
14062
14063
14136
14701
14710
14712
14716
14718
14723
14724
14728
14733
14736
14738
14740
14747
14750
14757
14767
14769
14775
14781
14782
14784
14787
14005
14013
14020
14036
14040
14054
14058
14125
14143
14416
14422
14482
14525
14098
14103
14411
14470
14476
14477
14571
14009
14011
14024
14037
14039
14066
14082
14083
14113
14145
14167
14427
14481
14530
14536
14550
14569
14591
