45144
45616
45650
45660
45679
45693
45697
41005
41042
41048
41080
41091
41092
41094
45275
45101
45118
45121
45130
45154
45167
45168
45171
45011
45013
45014
45015
45042
45044
45050
45053
45056
45064
45067
45069
41001
41007
41059
41071
41073
41074
41075
41076
41085
41099
45102
45103
45106
45120
45122
45140
45150
45153
45157
45160
45176
45245
45107
45113
45146
45148
45159
45169
45177
47001
47018
47022
47025
47032
47060
47010
47012
47016
47024
47030
47036
41046
41086
41095
41010
41030
41035
41052
41097
45001
45002
45030
45052
45111
45174
45202
45203
45204
45205
45206
45207
45208
45209
45211
45212
45213
45214
45215
45216
45217
45218
45219
45220
45223
45224
45225
45226
45227
45229
45230
45231
45232
45233
45236
45237
45238
45239
45240
45241
45242
45243
45244
45246
45247
45248
45249
45251
45252
45255
45123
45133
45135
45142
41011
41014
41015
41016
41017
41018
41051
41063
47040
41006
41033
41040
47006
47017
47023
47031
47037
47041
47042
47011
47020
47038
47043
45005
45034
45036
45039
45040
45054
45065
45066
45068
45152
45162
41002
41004
41043
41044
40355
40359
47003
47325
47353
