43003
43015
43021
43035
43061
43065
43066
43074
43082
43240
43046
43102
43105
43107
43112
43130
43147
43148
43150
43154
43155
43106
43128
43160
43002
43004
43016
43017
43026
43054
43068
43081
43085
43110
43119
43123
43125
43137
43201
43202
43203
43204
43205
43206
43207
43209
43210
43211
43212
43213
43214
43215
43217
43219
43220
43221
43222
43223
43224
43227
43228
43229
43230
43231
43232
43235
43135
43138
43149
43152
43001
43008
43013
43023
43025
43031
43055
43056
43062
43071
43080
43029
43064
43140
43143
43153
43162
43302
43314
43332
43335
43337
43341
43342
43356
43315
43320
43321
43334
43338
43103
43113
43116
43145
43146
43164
43040
43045
43067
43344
45701
45710
45711
45723
45732
45735
45761
45764
45766
45778
45780
43811
43812
43824
43844
43845
44820
44827
44833
44854
44887
43326
43340
43345
43346
45810
45812
45835
45836
45843
43011
43014
43019
43022
43028
43037
43050
43843
43076
43730
43731
43739
43748
43760
43764
43766
43782
43783
43115
45601
45612
45628
45644
45647
45673
45681
