49010
49070
49078
49080
49323
49328
49344
49348
49408
49419
49450
49453
48897
49046
49050
49058
49060
49073
49325
49333
48809
48815
48845
48846
48849
48851
48860
48865
48873
48875
48881
49301
49302
49306
49315
49316
49319
49321
49326
49330
49331
49341
49343
49345
49418
49503
49504
49505
49506
49507
49508
49509
49512
49519
49525
49534
49544
49546
49548
48811
48818
48829
48834
48838
48850
48884
48885
48886
48888
48891
49322
49329
49339
49347
49303
49318
49415
49425
49437
49440
49441
49442
49444
49445
49451
49457
49461
49401
49403
49404
49417
49423
49424
49426
49428
49435
49448
49456
49460
49464
49001
49002
49004
49006
49007
49008
49009
49012
49024
49034
49048
49052
49053
49083
49087
49088
49097
49309
49327
49337
49349
49412
49420
49421
49436
49446
49449
49452
49455
49459
49013
49026
49043
49045
49055
49056
49057
49064
49065
49071
49079
49090
