96701
96706
96707
96712
96717
96730
96731
96734
96744
96762
96782
96786
96789
96791
96792
96795
96797
96813
96814
96815
96816
96817
96818
96819
96821
96822
96825
96826
96844
96853
96857
96858
96860
96861
96863
96742
96708
96713
96729
96732
96748
96753
96757
96761
96763
96768
96770
96779
96790
96793
96704
96710
96718
96719
96720
96725
96726
96727
96728
96738
96740
96743
96749
96750
96755
96760
96764
96771
96772
96773
96774
96776
96777
96778
96780
96781
96783
96785
96705
96716
96722
96741
96746
96747
96752
96754
96756
96766
96769
96796
