77422
77430
77480
77486
77511
77515
77531
77534
77541
77566
77577
77578
77581
77583
77584
77053
77406
77407
77417
77441
77444
77459
77461
77469
77471
77477
77478
77479
77489
77494
77498
77545
77510
77517
77518
77539
77546
77550
77551
77554
77563
77565
77568
77573
77590
77591
77650
77002
77003
77004
77005
77006
77007
77008
77009
77010
77011
77012
77013
77014
77015
77016
77017
77018
77019
77020
77021
77022
77023
77024
77025
77026
77027
77028
77029
77030
77031
77032
77033
77034
77035
77036
77037
77038
77039
77040
77041
77042
77043
77044
77045
77046
77047
77048
77049
77050
77051
77054
77055
77056
77057
77058
77059
77060
77061
77062
77063
77064
77065
77066
77067
77068
77069
77070
77071
77072
77073
77074
77075
77076
77077
77078
77079
77080
77081
77082
77083
77084
77085
77086
77087
77088
77089
77090
77091
77092
77093
77094
77095
77096
77098
77099
77336
77338
77339
77345
77346
77373
77375
77377
77379
77388
77389
77396
77401
77429
77433
77447
77449
77450
77493
77502
77503
77504
77505
77506
77507
77520
77521
77530
77532
77536
77547
77562
77571
77586
77587
77598
77327
77535
77538
77564
77575
77301
77302
77303
77304
77306
77316
77318
77328
77354
77355
77356
77357
77362
77365
77372
77378
77380
77381
77382
77384
77385
77386
77873
77320
77340
77358
77423
77445
77484
77418
77474
77485
78931
78944
78950
77514
77523
77560
77597
77665
77363
77830
77831
77861
77868
77414
77419
77440
77456
77457
77458
77465
77468
77482
77483
77331
77359
77364
77371
77426
77833
77835
77880
77420
77432
77435
77437
77455
77488
