66002
66016
66023
66041
66058
64012
64078
64080
64083
64701
64725
64734
64739
64742
64746
64747
64024
64048
64060
64068
64089
64116
64117
64118
64119
64155
64156
64157
64158
64161
64165
64166
64167
66006
66025
66044
66045
66046
66047
66049
66050
66042
66067
66076
66078
66079
66080
66092
66095
64014
64015
64016
64029
64030
64034
64050
64052
64053
64054
64055
64056
64057
64058
64063
64064
64070
64075
64081
64082
64086
64088
64101
64102
64105
64106
64108
64109
64110
64111
64112
64113
64114
64120
64123
64124
64125
64126
64127
64128
64129
64130
64131
64132
64133
64134
64136
64137
64138
64139
64145
64146
64147
64149
66018
66021
66030
66031
66061
66062
66083
66085
66202
66203
66204
66205
66206
66207
66208
66209
66210
66211
66212
66213
66214
66215
66216
66217
66218
66219
66220
66221
66223
66224
66226
66227
64001
64011
64020
64021
64022
64037
64067
64071
64074
64076
64096
64097
66007
66020
66027
66043
66048
66052
66086
66013
66026
66053
66064
66071
64018
64079
64098
64150
64151
64152
64153
64154
64163
64164
64439
64444
64017
64035
64036
64062
64077
64084
64085
66012
66101
66102
66103
66104
66105
66106
66109
66111
66112
66113
66115
66118
66160
66015
66032
66033
66039
66091
66093
64720
64722
64723
64730
64745
64752
64779
64780
64624
64625
64637
64644
64649
64650
64671
64622
64623
64633
64639
64643
64668
64682
64429
64454
64465
64477
64492
64493
64019
64040
64061
64093
64733
64761
65305
65336
66010
66014
66040
66056
66072
66075
66767
65301
65332
65333
65334
65337
65350
65321
65330
65339
65340
65344
65347
65349
65351
