89002
89005
89011
89012
89014
89015
89018
89019
89021
89027
89029
89030
89031
89032
89033
89034
89040
89044
89046
89052
89054
89074
89081
89084
89085
89086
89101
89102
89103
89104
89106
89107
89108
89109
89110
89113
89115
89117
89118
89119
89120
89121
89122
89123
89124
89128
89129
89130
89131
89134
89135
89138
89139
89141
89142
89143
89144
89145
89146
89147
89148
89149
89154
89156
89161
89165
89166
89169
89178
89179
89183
89191
89001
89008
89017
89043
89003
89020
89045
89048
89049
89060
89061
89409
