53006
53032
53034
53035
53039
53048
53050
53059
53078
53091
53098
53557
53579
53916
53922
53933
53956
53963
53036
53038
53094
53137
53156
53178
53538
53549
53551
53594
53104
53140
53142
53143
53144
53158
53168
53170
53179
53181
53110
53129
53130
53132
53154
53172
53202
53203
53204
53205
53206
53207
53208
53209
53210
53211
53212
53213
53214
53215
53216
53217
53218
53219
53220
53221
53222
53223
53224
53225
53226
53227
53228
53233
53235
53004
53012
53021
53024
53074
53080
53092
53097
53105
53108
53126
53139
53177
53182
53185
53402
53403
53404
53405
53406
53001
53011
53013
53020
53023
53044
53070
53073
53075
53081
53083
53085
53093
53114
53115
53120
53121
53125
53128
53147
53184
53190
53191
53585
53002
53017
53022
53027
53033
53037
53040
53076
53086
53090
53095
53005
53007
53018
53029
53045
53046
53051
53058
53066
53069
53072
53089
53103
53118
53119
53122
53146
53149
53150
53151
53153
53183
53186
53188
53189
