08037
08201
08203
08205
08215
08221
08225
08232
08234
08241
08244
08310
08317
08319
08326
08330
08340
08341
08346
08350
08401
08402
08403
08406
08010
08015
08016
08019
08022
08036
08041
08046
08048
08052
08053
08054
08055
08057
08060
08065
08068
08075
08077
08088
08505
08511
08515
08518
08554
08562
08640
08641
08002
08003
08004
08007
08009
08012
08021
08026
08029
08030
08031
08033
08034
08035
08043
08045
08049
08059
08078
08081
08083
08084
08089
08091
08102
08103
08104
08105
08106
08107
08108
08109
08110
08202
08204
08210
08223
08226
08230
08242
08243
08247
08248
08251
08260
08270
08302
08311
08314
08323
08324
08327
08332
08345
08349
08353
08360
08361
08014
08020
08027
08028
08032
08051
08056
08061
08062
08063
08066
08071
08080
08085
08086
08090
08093
08094
08096
08097
08312
08322
08328
08343
08344
08067
08069
08070
08079
08098
08318
