32102
32159
32702
32726
32735
32736
32757
32767
32776
32778
32784
34705
34711
34714
34715
34731
34736
34737
34748
34753
34756
34762
34788
34797
32703
32709
32712
32751
32789
32792
32798
32801
32803
32804
32805
32806
32807
32808
32809
32810
32811
32812
32814
32817
32818
32819
32820
32821
32822
32824
32825
32826
32827
32828
32829
32830
32831
32832
32833
32835
32836
32837
32839
34734
34760
34761
34786
34787
34739
34741
34743
34744
34746
34747
34758
34769
34771
34772
34773
32701
32707
32708
32714
32730
32732
32746
32750
32765
32766
32771
32773
32779
32114
32117
32118
32119
32124
32127
32128
32129
32130
32132
32141
32168
32169
32174
32176
32180
32190
32713
32720
32724
32725
32738
32744
32759
32763
32764
32667
00045
32113
32134
32179
32195
32617
32686
34420
34431
34432
34470
34471
34472
34473
34474
34475
34476
34479
34480
34481
34482
34488
34491
32162
33513
33514
33538
33585
33597
34484
34785
