97010
97014
97016
97018
97021
97024
97030
97040
97041
97044
97048
97051
97053
97054
97056
97057
97058
97060
97063
97064
97080
97103
97121
97124
97131
97133
97138
97145
97146
97201
97202
97203
97204
97205
97206
97209
97210
97211
97212
97213
97214
97215
97216
97217
97218
97219
97220
97221
97223
97225
97227
97229
97230
97231
97232
97233
97236
97239
97266
98581
98601
98602
98603
98604
98605
98606
98607
98610
98611
98613
98616
98617
98619
98620
98625
98626
98628
98629
98632
98635
98642
98645
98648
98649
98650
98651
98660
98661
98662
98663
98664
98665
98671
98672
98674
98675
98682
98683
98684
98685
98686
99322
99356
