95629
95640
95642
95665
95666
95669
95685
95689
00051
00052
95614
95619
95623
95633
95634
95635
95636
95651
95664
95667
95672
95682
95684
95709
95720
95726
95735
95762
95602
95603
95631
95648
95650
95658
95661
95663
95668
95677
95678
95681
95701
95703
95713
95714
95715
95717
95722
95746
95747
95765
95608
95610
95615
95621
95624
95626
95628
95630
95632
95638
95641
95652
95655
95660
95662
95670
95673
95683
95690
95693
95742
95757
95758
95811
95814
95815
95816
95817
95818
95819
95820
95821
95822
95823
95824
95825
95826
95827
95828
95829
95830
95831
95832
95833
95834
95835
95837
95838
95841
95842
95843
95864
94510
94512
94533
94534
94535
94571
94585
94589
94590
94591
94592
95620
95687
95688
95836
95605
95606
95607
95612
95616
95618
95627
95637
95645
95653
95679
95691
95694
95695
95698
95776
95937
95945
95946
95949
95959
95960
95975
95977
95659
95674
95953
95957
95982
95991
95993
00029
95692
95901
95903
95918
95919
95922
95925
95935
95961
95962
95972
95981
