78008
78011
78026
78052
78064
78065
78069
78003
78055
78063
78883
78885
78002
78015
78023
78073
78109
78112
78148
78150
78152
78201
78202
78203
78204
78205
78207
78208
78209
78210
78211
78212
78213
78214
78215
78216
78217
78218
78219
78220
78221
78222
78223
78224
78225
78226
78227
78228
78229
78230
78231
78232
78233
78234
78235
78236
78237
78238
78239
78240
78242
78244
78245
78247
78248
78249
78250
78251
78252
78253
78254
78255
78256
78257
78258
78259
78260
78261
78263
78264
78070
78130
78132
78133
78163
78266
78623
78108
78123
78124
78154
78155
78638
78004
78006
78013
78027
78074
78009
78016
78039
78056
78059
78066
78850
78861
78886
78101
78114
78121
78147
78160
78161
78005
78017
78057
78061
78122
78140
78159
78614
78629
78632
78677
78959
78111
78113
78116
78117
78118
78119
78151
78010
78024
78025
78028
78058
78007
78072
78833
78873
78879
78801
78838
78870
78881
78884
