62006
62013
62036
62045
62047
62053
62065
62070
63013
63014
63015
63037
63039
63041
63055
63056
63060
63061
63068
63069
63072
63077
63080
63084
63089
63090
63010
63012
63016
63019
63020
63023
63028
63048
63049
63050
63051
63052
63070
62022
62028
62030
62031
62037
62052
63343
63347
63349
63362
63369
63377
63379
63389
62001
62002
62010
62018
62021
62024
62025
62026
62034
62035
62040
62048
62060
62061
62062
62067
62074
62084
62087
62090
62095
62097
62234
62249
62281
62294
62236
62244
62248
62295
62298
63301
63303
63304
63332
63341
63348
63366
63367
63368
63373
63376
63385
63386
62201
62203
62204
62205
62206
62207
62208
62220
62221
62223
62225
62226
62232
62239
62240
62243
62254
62255
62257
62258
62260
62264
62269
62285
63101
63102
63103
63104
63106
63107
63108
63109
63110
63111
63112
63113
63115
63116
63118
63120
63139
63147
63005
63011
63017
63021
63025
63026
63031
63033
63034
63038
63040
63042
63043
63044
63045
63074
63088
63105
63114
63117
63119
63121
63122
63123
63124
63125
63126
63127
63128
63129
63130
63131
63132
63133
63134
63135
63136
63137
63138
63140
63141
63143
63144
63145
63146
63627
63670
63673
63357
63381
63383
63390
62086
62246
62253
62262
62275
62284
62215
62216
62218
62230
62231
62245
62265
62293
65441
65446
65449
65453
65456
65535
65565
65586
63091
65014
65041
65061
65062
65066
62016
62027
62044
62050
62054
62081
62082
62092
62009
62012
62014
62033
62063
62069
62079
62088
62626
62630
62640
62649
62667
62672
62674
62683
62685
62690
63330
63334
63336
63339
63344
63353
63433
63441
62217
62233
62237
62241
62242
62261
62272
62277
62278
62280
62286
62288
62297
63036
63087
63601
63624
63628
63637
63640
63653
62214
62263
62268
62271
62803
62808
62831
62877
63030
63071
63622
63626
63630
63631
63648
63660
63664
