55011
55017
55019
55020
55021
55044
55046
55049
55051
55052
55054
55060
55087
55088
55111
55301
55302
55303
55304
55305
55306
55307
55308
55309
55310
55311
55312
55313
55314
55315
55316
55317
55318
55319
55320
55321
55322
55324
55325
55327
55328
55329
55330
55331
55332
55333
55334
55335
55336
55337
55338
55339
55340
55341
55342
55343
55344
55345
55346
55347
55349
55350
55352
55353
55354
55355
55356
55357
55358
55359
55360
55362
55363
55364
55366
55367
55368
55369
55370
55371
55372
55373
55374
55375
55376
55378
55379
55381
55382
55384
55385
55386
55387
55388
55389
55390
55391
55395
55396
55397
55398
55401
55402
55403
55404
55405
55406
55407
55408
55409
55410
55411
55412
55413
55414
55415
55416
55417
55418
55419
55420
55421
55422
55423
55424
55425
55426
55427
55428
55429
55430
55431
55432
55433
55434
55435
55436
55437
55438
55439
55441
55442
55443
55444
55445
55446
55447
55448
55449
55450
55454
55455
55917
56011
56017
56021
56026
56028
56044
56048
56050
56052
56054
56057
56058
56069
56071
56072
56074
56082
56091
56093
56096
56228
56230
56243
56270
56277
56284
56285
56301
56303
56304
56307
56310
56312
56313
56316
56320
56329
56330
56331
56340
56342
56352
56353
56357
56358
56359
56362
56363
56367
56368
56374
56375
56377
56378
56379
56386
56387
