54001
54002
54003
54004
54005
54006
54007
54009
54011
54013
54014
54015
54016
54017
54020
54021
54022
54023
54024
54025
54026
54027
54028
54082
54723
54725
54730
54734
54737
54739
54740
54749
54750
54751
54761
54763
54765
54767
54772
54810
54824
54837
54853
54858
55001
55003
55005
55006
55007
55008
55009
55012
55013
55014
55016
55018
55024
55025
55026
55027
55030
55031
55032
55033
55036
55037
55038
55040
55041
55042
55043
55045
55047
55053
55055
55056
55057
55063
55065
55066
55067
55068
55069
55070
55071
55072
55073
55074
55075
55076
55077
55079
55080
55082
55084
55089
55092
55101
55102
55103
55104
55105
55106
55107
55108
55109
55110
55112
55113
55114
55115
55116
55117
55118
55119
55120
55121
55122
55123
55124
55125
55126
55127
55128
55129
55130
55704
55712
55735
55756
55783
55795
55932
55945
55946
55956
55957
55963
55964
55968
55981
55983
55991
55992
