75002
75009
75013
75023
75024
75025
75035
75069
75070
75071
75074
75075
75078
75082
75093
75094
75098
75166
75173
75252
75287
75407
75409
75424
75442
75454
76238
76240
76250
76252
76263
76272
75001
75006
75019
75038
75039
75040
75041
75042
75043
75044
75048
75050
75051
75052
75060
75061
75062
75063
75080
75081
75088
75089
75104
75115
75116
75134
75137
75141
75146
75149
75150
75159
75172
75180
75181
75182
75201
75202
75203
75204
75205
75206
75207
75208
75209
75210
75211
75212
75214
75215
75216
75217
75218
75219
75220
75223
75224
75225
75226
75227
75228
75229
75230
75231
75232
75233
75234
75235
75236
75237
75238
75240
75241
75243
75244
75246
75247
75248
75249
75251
75253
75254
75007
75010
75022
75028
75034
75056
75057
75065
75067
75068
75077
76201
76205
76207
76208
76209
76210
76226
76227
76247
76249
76258
76259
76262
76266
75119
75125
75152
75154
75165
75167
76041
76064
76065
76651
76670
75135
75401
75402
75422
75423
75428
75453
75474
75496
75114
75126
75142
75147
75158
75160
75161
75032
75087
75189