48003
48412
48421
48428
48444
48446
48455
48461
48464
48727
48066
48080
48081
48082
48088
48089
48091
48092
48093
48094
48095
48096
48005
48015
48021
48026
48035
48036
48038
48042
48043
48044
48045
48047
48048
48050
48051
48062
48065
48310
48312
48313
48314
48315
48316
48317
48067
48069
48070
48071
48072
48073
48083
48084
48085
48098
48017
48030
48220
48237
48306
48307
48309
48326
48363
48367
48401
48416
48419
48422
48426
48427
48450
48453
48454
48456
48465
48466
48469
48471
48472
48074
48079
48097
48006
48014
48001
48002
48022
48023
48027
48028
48032
48039
48040
48041
48049
48054
48059
48060
48063
48064
48137
48169
48114
48116
48353
48836
48843
48855
48131
48133
48140
48144
48145
48157
48159
48161
48162
48166
48179
48182
48117
49267
49270
48165
48167
48178
48075
48076
48009
48025
48033
48034
48301
48302
48304
48320
48322
48323
48324
48327
48328
48329
48331
48334
48335
48336
48340
48341
48342
48346
48348
48350
48356
48357
48359
48360
48362
48370
48371
48374
48375
48377
48380
48381
48382
48383
48386
48390
48393
48442
48462
48130
48158
48160
48176
48103
48104
48105
48108
48109
48118
48189
48191
48197
48198
48126
48127
48128
48134
48135
48138
48141
48146
48150
48152
48154
48164
48168
48170
48173
48174
48180
48183
48184
48185
48186
48187
48101
48111
48120
48122
48124
48125
48188
48192
48193
48195
48201
48202
48203
48204
48205
48206
48207
48208
48209
48210
48211
48212
48213
48214
48215
48216
48217
48218
48219
48221
48223
48224
48225
48226
48227
48228
48229
48230
48234
48235
48236
48238
48239
48240
48242