76401
76402
76433
76446
76055
76621
76622
76627
76631
76636
76645
76648
76660
76666
76673
76676
76692
76035
76048
76049
76462
76476
76427
76458
76459
76486
76009
76028
76031
76033
76044
76050
76058
76059
76084
76093
76067
76449
76453
76463
76472
76475
76484
76008
76066
76082
76085
76086
76087
76088
76487
76490
76043
76070
76077
75054
75261
76001
76002
76006
76010
76011
76012
76013
76014
76015
76016
76017
76018
76019
76020
76021
76022
76034
76036
76039
76040
76051
76052
76053
76054
76060
76063
76092
76102
76103
76104
76105
76106
76107
76108
76109
76110
76111
76112
76114
76115
76116
76117
76118
76119
76120
76122
76123
76126
76127
76129
76131
76132
76133
76134
76135
76137
76140
76148
76155
76164
76177
76179
76180
76248
76023
76071
76073
76078
76225
76234
76426
76431