90001
90002
90003
90004
90005
90006
90007
90008
90010
90011
90012
90013
90014
90015
90016
90017
90018
90019
90020
90021
90022
90023
90024
90025
90026
90027
90028
90029
90031
90032
90033
90034
90035
90036
90037
90038
90039
90040
90041
90042
90043
90044
90045
90046
90047
90048
90049
90056
90057
90058
90059
90061
90062
90063
90064
90065
90066
90067
90068
90069
90071
90073
90077
90089
90094
90095
90201
90210
90211
90212
90230
90232
90245
90247
90248
90249
90250
90254
90255
90260
90263
90265
90266
90270
90272
90278
90280
90290
90291
90292
90293
90301
90302
90303
90304
90305
90401
90402
90403
90404
90405
90504
90506
90640
91001
91006
91007
91008
91010
91011
91016
91020
91024
91030
91040
91042
91101
91103
91104
91105
91106
91107
91108
91123
91201
91202
91203
91204
91205
91206
91207
91208
91214
91301
91302
91303
91304
91306
91307
91311
91316
91321
91324
91325
91326
91330
91331
91335
91340
91342
91343
91344
91345
91350
91351
91352
91354
91355
91356
91364
91367
91371
91381
91384
91387
91390
91401
91402
91403
91405
91406
91411
91423
91436
91501
91502
91504
91505
91506
91521
91522
91523
91601
91602
91604
91605
91606
91607
91608
91702
91706
91711
91722
91723
91724
91731
91732
91733
91740
91741
91750
91754
91755
91770
91773
91775
91776
91780
91801
91803
93510
93532
93534
93535
93536
93543
93544
93550
93551
93552
93553
93563
93591
00018
91320
91360
91361
91362
91377
93001
93003
93004
93010
93012
93015
93021
93022
93023
93030
93033
93035
93036
93041
93042
93043
93060
93063
93065
93066