00199
85003
85004
85007
85009
85034
85040
85041
85042
85043
85044
85045
85048
85050
85054
85201
85202
85203
85204
85205
85206
85207
85208
85209
85210
85212
85213
85215
85218
85219
85220
85222
85224
85225
85226
85228
85231
85232
85233
85234
85236
85237
85238
85239
85240
85242
85243
85245
85247
85248
85249
85250
85251
85253
85254
85255
85256
85257
85258
85259
85260
85262
85263
85264
85266
85268
85272
85273
85281
85282
85283
85284
85286
85287
85292
85293
85294
85295
85296
85297
85298
85331
85339
85501
85539
85541
85542
85544
85545
85618
85623
85631
85653
85658
85739