00197
85006
85008
85012
85013
85014
85015
85016
85017
85018
85019
85020
85021
85022
85023
85024
85027
85028
85029
85031
85032
85033
85035
85037
85051
85053
85083
85085
85086
85087
85301
85302
85303
85304
85305
85306
85307
85308
85309
85310
85313
85322
85323
85324
85326
85332
85335
85337
85338
85340
85342
85343
85345
85351
85353
85354
85355
85361
85362
85363
85373
85374
85375
85379
85381
85382
85383
85387
85388
85390
85392
85395
85396
86301
86303
86305
86314
86315
86320
86321
86322
86323
86324
86325
86326
86327
86332
86333
86334
86335
86336
86337
86343
86351