20701
20711
20724
20733
20751
20755
20758
20764
20776
20778
20779
21012
21032
21035
21037
21054
21056
21060
21061
21076
21077
21090
21108
21113
21114
21122
21140
21144
21146
21226
21240
21401
21402
21403
21409
21201
21202
21205
21206
21210
21211
21212
21213
21214
21215
21216
21217
21218
21223
21224
21225
21229
21230
21231
21239
21251
21013
21030
21031
21051
21053
21057
21071
21082
21087
21093
21111
21117
21120
21128
21131
21133
21136
21152
21153
21155
21156
21161
21162
21163
21204
21207
21208
21209
21219
21220
21221
21222
21227
21228
21234
21236
21237
21244
21250
21252
21286
21048
21074
21102
21104
21157
21158
21776
21784
21787
21791
21771
21001
21005
21009
21010
21014
21015
21017
21028
21034
21040
21047
21050
21078
21084
21085
21132
21154
21160
20723
20759
20763
20777
20794
21029
21036
21042
21043
21044
21045
21046
21075
21723
21737
21738
21765
21794
21797
21901
21903
21904
21911
21912
21913
21914
21915
21917
21918
21919
21921
