75002
75075
75080
75019
76209
75002
75034
75007
75034
75248
75013
75023
75232
75071
75040
75115
75287
75010
75077
75081
75025
75035
75043
75094
75007
75075
75002
75007
75040
75208
75068
75044
75094
75082
75093
75149
75228
75044
75056
75074
75052
75052
76262
76226
75007
76247
75040
75006
75248
75087
75024
75081
75074
75212
75088
75238
75028
75238
75243
75218
75038
75228
75228
75002
75028
75089
75093
75080
75216
75216
75237
75042
75034
75032
75069
75025
75225
75060
75034
75048
75025
75238
75080
75023
75082
75048
75013
75104
75025
75080
75080
75023
75002
75248
75149
75052
75228
75229
75093
75228
75024
75098
75067
75149
76210
75077
75061
75149
75025
75042
75080
75228
75025
75044
75025
75023
75088
75013
75044
75081
75214
75081
75081
75182
75077
75002
75051
76262
76227
76226
76262
75060
75214
75002
75154
76065
75154
76208
75204
75001
75001
75001
75001
75001
75001
75001
75001
75001
75001
75001
75001
75001
75001
75001
75001
75001
75001
75001
75001
75001
75001
75002
75002
75002
75002
75002
75002
75002
75002
75002
75002
75002
75002
75002
75002
75002
75002
75002
75002
75002
75002
75002
75002
75002
75002
75002
75002
75002
75002
75002
75002
75002
75002
75002
75002
75002
75002
75002
75002
75002
75002
75002
75002
75002
75002
75002
75002
75002
75002
75002
75002
75002
75002
75002
75002
75002
75002
75002
75002
75002
75002
75002
75002
75002
75002
75002
75002
75002
75002
75002
75002
75002
75002
75002
75002
75002
75002
75002
75002
75002
75002
75002
75002
75002
75002
75002
75002
75002
75002
75002
75002
75002
75002
75002
75002
75002
75002
75002
75002
75002
75002
75002
75002
75002
75002
75002
75002
75002
75002
75002
75002
75002
75006
75006
75006
75006
75006
75006
75006
75006
75006
75006
75006
75006
75006
75006
75006
75006
75006
75006
75006
75006
75006
75006
75006
75006
75006
75006
75006
75006
75006
75006
75006
75006
75006
75006
75006
75006
75006
75006
75006
75006
75006
75006
75006
75006
75006
75006
75006
75006
75006
75006
75006
75006
75006
75006
75006
75006
75006
75006
75006
75006
75007
75007
75007
75007
75007
75007
75007
75007
75007
75007
75007
75007
75007
75007
75007
75007
75007
75007
75007
75007
75007
75007
75007
75007
75007
75007
75007
75007
75007
75007
75007
75007
75007
75007
75007
75007
75007
75007
75007
75007
75007
75007
75007
75007
75007
75007
75007
75007
75007
75007
75007
75007
75007
75007
75007
75007
75007
75007
75007
75007
75007
75007
75007
75007
75007
75007
75007
75007
75007
75007
75007
75007
75007
75007
75007
75007
75007
75007
75007
75007
75007
75007
75007
75007
75007
75007
75007
75007
75007
75007
75007
75007
75007
75007
75007
75007
75007
75007
75007
75007
75007
75007
75007
75007
75007
75007
75007
75007
75007
75007
75007
75007
75007
75007
75007
75007
75007
75007
75007
75007
75007
75007
75009
75009
75009
75009
75009
75009
75009
75009
75009
75009
75010
75010
75010
75010
75010
75010
75010
75010
75010
75010
75010
75010
75010
75010
75010
75010
75010
75010
75010
75010
75010
75010
75010
75010
75010
75010
75010
75010
75010
75010
75010
75010
75010
75010
75010
75010
75010
75010
75013
75013
75013
75013
75013
75013
75013
75013
75013
75013
75013
75013
75013
75013
75013
75013
75013
75013
75013
75013
75013
75013
75013
75013
75013
75013
75013
75013
75013
75013
75013
75013
75013
75013
75013
75013
75013
75013
75013
75013
75013
75013
75013
75013
75013
75013
75013
75013
75013
75013
75013
75013
75013
75013
75013
75013
75013
75013
75013
75013
75013
75013
75013
75013
75013
75013
75013
75019
75019
75019
75019
75019
75019
75019
75019
75019
75019
75019
75019
75019
75019
75019
75019
75019
75019
75019
75019
75019
75019
75019
75019
75019
75019
75019
75019
75019
75019
75019
75019
75019
75019
75019
75019
75019
75019
75019
75019
75019
75019
75019
75019
75019
75019
75019
75019
75019
75019
75019
75019
75019
75019
75019
75019
75019
75019
75019
75019
75019
75019
75019
75019
75019
75019
75019
75019
75019
75019
75019
75019
75022
75022
75022
75022
75022
75022
75022
75022
75022
75022
75022
75022
75022
75022
75022
75022
75022
75022
75022
75022
75022
75022
75022
75022
75022
75022
75022
75022
75022
75022
75022
75022
75022
75022
75022
75022
75022
75022
75022
75022
75022
75023
75023
75023
75023
75023
75023
75023
75023
75023
75023
75023
75023
75023
75023
75023
75023
75023
75023
75023
75023
75023
75023
75023
75023
75023
75023
75023
75023
75023
75023
75023
75023
75023
75023
75023
75023
75023
75023
75023
75023
75023
75023
75023
75023
75023
75023
75023
75023
75023
75023
75023
75023
75023
75023
75023
75023
75023
75023
75023
75023
75023
75023
75023
75023
75023
75023
75023
75023
75023
75023
75023
75023
75023
75023
75023
75023
75023
75023
75023
75023
75023
75023
75023
75023
75023
75023
75023
75023
75023
75023
75023
75023
75023
75023
75023
75023
75023
75023
75023
75023
75023
75023
75023
75023
75023
75023
75023
75023
75023
75023
75023
75023
75024
75024
75024
75024
75024
75024
75024
75024
75024
75024
75024
75024
75024
75024
75024
75024
75024
75024
75024
75024
75024
75024
75024
75024
75024
75024
75024
75024
75024
75024
75024
75024
75024
75024
75024
75024
75024
75024
75024
75024
75024
75024
75024
75024
75024
75024
75024
75024
75024
75024
75024
75024
75024
75024
75024
75024
75024
75024
75024
75024
75024
75024
75024
75024
75024
75024
75024
75024
75024
75024
75024
75024
75024
75024
75024
75024
75024
75024
75024
75024
75024
75024
75024
75024
75024
75025
75025
75025
75025
75025
75025
75025
75025
75025
75025
75025
75025
75025
75025
75025
75025
75025
75025
75025
75025
75025
75025
75025
75025
75025
75025
75025
75025
75025
75025
75025
75025
75025
75025
75025
75025
75025
75025
75025
75025
75025
75025
75025
75025
75025
75025
75025
75025
75025
75025
75025
75025
75025
75025
75025
75025
75025
75025
75025
75025
75025
75025
75025
75025
75025
75025
75025
75025
75025
75025
75025
75025
75025
75025
75025
75025
75025
75025
75025
75025
75025
75025
75025
75025
75025
75025
75025
75025
75025
75025
75025
75025
75025
75025
75025
75025
75025
75025
75025
75025
75025
75025
75025
75025
75025
75025
75025
75025
75025
75025
75025
75025
75025
75025
75025
75025
75025
75025
75025
75025
75025
75025
75025
75025
75025
75025
75025
75025
75025
75025
75025
75025
75025
75025
75025
75025
75025
75025
75025
75025
75025
75025
75025
75025
75025
75025
75025
75028
75028
75028
75028
75028
75028
75028
75028
75028
75028
75028
75028
75028
75028
75028
75028
75028
75028
75028
75028
75028
75028
75028
75028
75028
75028
75028
75028
75028
75028
75028
75028
75028
75028
75028
75028
75028
75028
75028
75028
75028
75028
75028
75028
75028
75028
75028
75028
75028
75028
75028
75028
75028
75028
75028
75028
75028
75028
75028
75028
75028
75028
75028
75028
75028
75028
75028
75028
75028
75028
75028
75028
75028
75028
75028
75032
75032
75032
75032
75032
75032
75032
75032
75032
75032
75032
75032
75032
75032
75032
75032
75034
75034
75034
75034
75034
75034
75034
75034
75034
75034
75034
75034
75034
75034
75034
75034
75034
75034
75034
75034
75034
75034
75034
75034
75034
75034
75034
75034
75034
75034
75034
75034
75034
75034
75034
75034
75034
75034
75034
75034
75034
75034
75034
75034
75034
75034
75034
75034
75034
75034
75034
75034
75034
75034
75034
75034
75034
75034
75034
75034
75034
75034
75034
75034
75034
75034
75034
75034
75034
75034
75034
75034
75034
75034
75034
75034
75034
75034
75034
75034
75034
75034
75034
75034
75034
75034
75034
75034
75034
75034
75034
75034
75034
75034
75034
75034
75034
75034
75034
75034
75034
75034
75034
75034
75034
75034
75034
75034
75034
75034
75034
75034
75034
75034
75034
75034
75034
75034
75034
75034
75034
75034
75034
75034
75034
75034
75034
75034
75034
75034
75034
75034
75034
75034
75034
75034
75034
75034
75035
75035
75035
75035
75035
75035
75035
75035
75035
75035
75035
75035
75035
75035
75035
75035
75035
75035
75035
75035
75035
75035
75035
75035
75035
75035
75035
75035
75035
75035
75035
75035
75035
75035
75035
75035
75035
75035
75035
75035
75035
75035
75035
75035
75035
75035
75035
75035
75035
75035
75035
75035
75035
75035
75035
75035
75035
75035
75035
75035
75035
75035
75035
75035
75035
75035
75035
75035
75035
75035
75035
75035
75035
75035
75035
75035
75035
75035
75035
75035
75035
75035
75035
75035
75035
75035
75035
75035
75035
75035
75035
75035
75035
75035
75035
75035
75035
75035
75035
75035
75035
75035
75035
75035
75035
75035
75035
75035
75035
75035
75035
75035
75035
75035
75035
75035
75035
75035
75035
75038
75038
75038
75038
75038
75038
75038
75038
75038
75038
75038
75038
75038
75038
75038
75038
75038
75038
75039
75039
75039
75039
75039
75039
75039
75039
75039
75039
75039
75039
75039
75039
75039
75039
75039
75039
75039
75039
75040
75040
75040
75040
75040
75040
75040
75040
75040
75040
75040
75040
75040
75040
75040
75040
75040
75040
75040
75040
75040
75040
75040
75040
75040
75040
75040
75040
75040
75040
75040
75040
75040
75040
75040
75040
75040
75040
75040
75040
75040
75040
75040
75040
75040
75040
75040
75040
75040
75040
75040
75040
75040
75040
75040
75040
75040
75040
75040
75040
75040
75040
75040
75040
75040
75040
75040
75040
75040
75040
75040
75040
75040
75040
75041
75041
75041
75041
75041
75041
75041
75041
75041
75041
75041
75041
75041
75041
75041
75041
75041
75041
75042
75042
75042
75042
75042
75042
75042
75042
75042
75042
75042
75042
75042
75042
75042
75042
75042
75042
75042
75042
75042
75042
75042
75043
75043
75043
75043
75043
75043
75043
75043
75043
75043
75043
75043
75043
75043
75043
75043
75043
75043
75043
75043
75043
75043
75043
75043
75043
75043
75043
75043
75043
75043
75043
75043
75043
75043
75043
75043
75043
75043
75043
75043
75043
75043
75043
75043
75043
75043
75043
75043
75043
75043
75043
75043
75043
75043
75043
75043
75043
75043
75043
75043
75043
75043
75043
75043
75043
75043
75043
75043
75043
75044
75044
75044
75044
75044
75044
75044
75044
75044
75044
75044
75044
75044
75044
75044
75044
75044
75044
75044
75044
75044
75044
75044
75044
75044
75044
75044
75044
75044
75044
75044
75044
75044
75044
75044
75044
75044
75044
75044
75044
75044
75044
75044
75044
75044
75044
75044
75044
75044
75044
75044
75044
75044
75044
75044
75044
75044
75044
75044
75044
75044
75044
75044
75044
75044
75044
75044
75044
75044
75044
75044
75044
75044
75044
75044
75044
75044
75044
75044
75044
75044
75044
75044
75044
75044
75044
75044
75044
75044
75044
75044
75044
75044
75044
75044
75044
75044
75044
75044
75044
75044
75048
75048
75048
75048
75048
75048
75048
75048
75048
75048
75048
75048
75048
75048
75048
75048
75048
75048
75048
75048
75048
75048
75048
75048
75048
75048
75048
75048
75048
75048
75048
75048
75048
75048
75048
75048
75048
75048
75048
75048
75050
75050
75050
75050
75050
75050
75050
75050
75050
75050
75050
75050
75050
75050
75050
75050
75050
75050
75050
75050
75050
75050
75050
75050
75050
75050
75050
75050
75050
75050
75050
75050
75050
75051
75051
75051
75051
75051
75051
75051
75051
75051
75051
75051
75051
75051
75051
75051
75051
75051
75052
75052
75052
75052
75052
75052
75052
75052
75052
75052
75052
75052
75052
75052
75052
75052
75052
75052
75052
75052
75052
75052
75052
75052
75052
75052
75052
75052
75052
75052
75052
75052
75052
75052
75052
75052
75052
75052
75052
75052
75052
75052
75052
75052
75052
75052
75052
75052
75052
75052
75052
75052
75052
75052
75052
75052
75052
75052
75052
75052
75052
75052
75052
75052
75052
75052
75052
75052
75052
75052
75052
75052
75052
75052
75052
75052
75052
75052
75052
75052
75052
75052
75052
75052
75052
75052
75052
75052
75052
75052
75052
75052
75052
75052
75052
75052
75052
75052
75052
75052
75052
75052
75052
75052
75052
75052
75052
75052
75052
75052
75052
75052
75056
75056
75056
75056
75056
75056
75056
75056
75056
75056
75056
75056
75056
75056
75056
75056
75056
75056
75056
75056
75056
75056
75056
75056
75056
75056
75056
75056
75056
75056
75056
75056
75056
75056
75056
75056
75056
75056
75056
75056
75056
75056
75056
75056
75056
75056
75056
75056
75056
75056
75056
75056
75056
75056
75056
75056
75056
75056
75056
75056
75056
75056
75056
75056
75056
75056
75056
75056
75056
75056
75056
75056
75056
75057
75057
75057
75057
75057
75057
75057
75057
75057
75057
75057
75060
75060
75060
75060
75060
75060
75060
75060
75060
75060
75060
75060
75060
75060
75060
75060
75060
75060
75060
75060
75060
75060
75060
75060
75060
75061
75061
75061
75061
75061
75061
75061
75061
75061
75061
75061
75061
75061
75061
75061
75061
75061
75061
75062
75062
75062
75062
75062
75062
75062
75062
75062
75062
75062
75062
75062
75062
75062
75062
75062
75062
75062
75062
75062
75062
75062
75062
75062
75062
75062
75062
75062
75062
75062
75062
75063
75063
75063
75063
75063
75063
75063
75063
75063
75063
75063
75063
75063
75063
75063
75063
75063
75063
75063
75063
75063
75063
75063
75063
75063
75063
75063
75063
75063
75063
75063
75063
75063
75063
75063
75063
75063
75063
75063
75063
75063
75065
75065
75065
75065
75065
75065
75065
75065
75065
75065
75067
75067
75067
75067
75067
75067
75067
75067
75067
75067
75067
75067
75067
75067
75067
75067
75067
75067
75067
75067
75067
75067
75067
75067
75067
75067
75067
75067
75067
75067
75067
75067
75067
75067
75067
75067
75067
75067
75067
75067
75067
75067
75067
75067
75067
75067
75067
75067
75067
75067
75067
75067
75067
75067
75067
75067
75067
75067
75067
75068
75068
75068
75068
75068
75068
75068
75068
75068
75068
75068
75068
75068
75068
75068
75068
75068
75068
75068
75068
75068
75068
75068
75068
75068
75068
75068
75068
75068
75068
75068
75068
75068
75068
75068
75068
75068
75068
75068
75068
75068
75068
75069
75069
75069
75069
75069
75069
75069
75069
75069
75069
75069
75069
75069
75069
75069
75069
75069
75069
75069
75069
75069
75069
75069
75069
75069
75069
75069
75069
75069
75069
75070
75070
75070
75070
75070
75070
75070
75070
75070
75070
75070
75070
75070
75070
75070
75070
75070
75070
75070
75070
75070
75070
75070
75070
75070
75070
75070
75070
75070
75070
75070
75070
75070
75070
75070
75070
75070
75070
75070
75070
75070
75070
75070
75070
75070
75070
75070
75070
75070
75070
75070
75070
75070
75070
75070
75070
75070
75070
75070
75070
75070
75070
75070
75070
75070
75070
75070
75070
75070
75070
75070
75070
75070
75070
75070
75070
75070
75070
75070
75070
75070
75070
75070
75070
75070
75070
75070
75070
75070
75070
75070
75070
75070
75070
75070
75070
75070
75070
75070
75070
75070
75070
75070
75070
75070
75070
75070
75070
75070
75070
75070
75070
75070
75070
75070
75070
75070
75070
75070
75070
75070
75070
75070
75070
75070
75070
75070
75070
75070
75070
75070
75070
75070
75070
75070
75070
75070
75070
75070
75070
75070
75070
75070
75070
75070
75070
75070
75070
75070
75070
75070
75070
75070
75070
75071
75071
75071
75071
75071
75071
75071
75071
75071
75071
75071
75071
75071
75071
75071
75071
75071
75071
75071
75071
75071
75071
75071
75071
75071
75071
75071
75071
75071
75071
75071
75071
75071
75071
75071
75071
75071
75074
75074
75074
75074
75074
75074
75074
75074
75074
75074
75074
75074
75074
75074
75074
75074
75074
75074
75074
75074
75074
75074
75074
75074
75074
75074
75074
75074
75074
75074
75074
75074
75074
75074
75074
75074
75074
75074
75074
75074
75074
75074
75074
75074
75074
75074
75074
75074
75074
75074
75074
75074
75074
75074
75074
75074
75074
75074
75074
75074
75074
75074
75074
75074
75074
75074
75074
75074
75075
75075
75075
75075
75075
75075
75075
75075
75075
75075
75075
75075
75075
75075
75075
75075
75075
75075
75075
75075
75075
75075
75075
75075
75075
75075
75075
75075
75075
75075
75075
75075
75075
75075
75075
75075
75075
75075
75075
75075
75075
75075
75075
75075
75075
75075
75075
75075
75075
75075
75075
75075
75075
75075
75075
75075
75075
75075
75075
75075
75075
75075
75075
75075
75075
75075
75075
75075
75075
75075
75075
75075
75075
75075
75075
75075
75075
75075
75075
75075
75075
75075
75075
75075
75075
75075
75075
75075
75075
75075
75075
75075
75075
75075
75075
75075
75075
75075
75075
75075
75075
75075
75075
75075
75075
75075
75075
75075
75075
75077
75077
75077
75077
75077
75077
75077
75077
75077
75077
75077
75077
75077
75077
75077
75077
75077
75077
75077
75077
75077
75077
75077
75077
75077
75077
75077
75077
75077
75077
75077
75077
75077
75077
75077
75077
75077
75077
75077
75077
75077
75077
75077
75077
75077
75077
75077
75077
75077
75077
75077
75078
75078
75078
75078
75078
75078
75078
75078
75078
75078
75078
75078
75078
75078
75078
75078
75078
75080
75080
75080
75080
75080
75080
75080
75080
75080
75080
75080
75080
75080
75080
75080
75080
75080
75080
75080
75080
75080
75080
75080
75080
75080
75080
75080
75080
75080
75080
75080
75080
75080
75080
75080
75080
75080
75080
75080
75080
75080
75080
75080
75080
75080
75080
75080
75080
75080
75080
75080
75080
75080
75080
75080
75080
75080
75080
75080
75080
75080
75080
75080
75080
75080
75080
75081
75081
75081
75081
75081
75081
75081
75081
75081
75081
75081
75081
75081
75081
75081
75081
75081
75081
75081
75081
75081
75081
75081
75081
75081
75081
75081
75081
75081
75081
75081
75081
75081
75081
75081
75081
75081
75081
75081
75081
75081
75081
75081
75081
75081
75081
75081
75081
75081
75081
75081
75081
75081
75081
75081
75081
75081
75081
75081
75081
75081
75081
75081
75081
75081
75081
75081
75081
75081
75081
75081
75081
75081
75081
75081
75081
75081
75081
75081
75081
75081
75081
75082
75082
75082
75082
75082
75082
75082
75082
75082
75082
75082
75082
75082
75082
75082
75082
75082
75082
75082
75082
75082
75082
75082
75082
75082
75082
75082
75082
75082
75082
75082
75082
75082
75082
75082
75082
75082
75082
75082
75082
75082
75082
75082
75082
75082
75082
75082
75082
75082
75082
75082
75082
75082
75082
75082
75082
75082
75082
75082
75082
75082
75082
75082
75082
75082
75082
75082
75082
75082
75082
75082
75082
75082
75087
75087
75087
75087
75087
75087
75087
75087
75087
75087
75087
75087
75087
75087
75087
75087
75087
75087
75087
75087
75087
75087
75087
75087
75087
75087
75087
75087
75087
75087
75087
75087
75087
75087
75087
75088
75088
75088
75088
75088
75088
75088
75088
75088
75088
75088
75088
75088
75088
75088
75088
75088
75088
75088
75088
75088
75088
75088
75088
75088
75088
75088
75088
75088
75088
75088
75088
75088
75088
75088
75088
75088
75088
75088
75088
75089
75089
75089
75089
75089
75089
75089
75089
75089
75089
75089
75089
75089
75089
75089
75089
75089
75089
75089
75089
75089
75089
75089
75089
75089
75089
75089
75089
75089
75089
75089
75089
75089
75089
75089
75089
75089
75089
75089
75089
75089
75089
75089
75089
75089
75089
75089
75089
75089
75089
75089
75093
75093
75093
75093
75093
75093
75093
75093
75093
75093
75093
75093
75093
75093
75093
75093
75093
75093
75093
75093
75093
75093
75093
75093
75093
75093
75093
75093
75093
75093
75093
75093
75093
75093
75093
75093
75093
75093
75093
75093
75093
75093
75093
75093
75093
75093
75093
75093
75093
75093
75093
75093
75093
75093
75093
75093
75093
75093
75093
75093
75093
75093
75093
75093
75093
75093
75093
75093
75093
75093
75093
75093
75093
75093
75093
75093
75093
75093
75093
75093
75093
75093
75093
75093
75093
75093
75093
75093
75093
75093
75093
75093
75093
75093
75093
75093
75093
75093
75093
75093
75093
75093
75093
75093
75093
75093
75093
75093
75093
75093
75093
75093
75093
75093
75093
75093
75093
75093
75094
75094
75094
75094
75094
75094
75094
75094
75094
75094
75094
75094
75094
75094
75094
75094
75094
75094
75094
75094
75094
75094
75094
75094
75094
75094
75094
75094
75094
75094
75094
75094
75094
75094
75094
75094
75094
75094
75094
75094
75094
75094
75094
75094
75094
75094
75094
75094
75094
75094
75094
75094
75094
75094
75094
75094
75094
75094
75094
75094
75094
75094
75094
75098
75098
75098
75098
75098
75098
75098
75098
75098
75098
75098
75098
75098
75098
75098
75098
75098
75098
75098
75098
75098
75098
75098
75098
75098
75098
75098
75098
75098
75098
75098
75098
75098
75098
75098
75098
75098
75098
75098
75098
75098
75098
75098
75098
75098
75098
75098
75098
75098
75098
75098
75098
75098
75098
75098
75098
75098
75098
75098
75098
75098
75098
75098
75098
75098
75098
75098
75098
75104
75104
75104
75104
75104
75104
75104
75104
75104
75104
75104
75104
75104
75104
75104
75104
75104
75104
75104
75104
75104
75104
75104
75104
75104
75104
75104
75104
75104
75104
75104
75104
75104
75104
75104
75104
75114
75114
75115
75115
75115
75115
75115
75115
75115
75115
75115
75115
75115
75115
75115
75115
75115
75115
75115
75115
75115
75115
75115
75115
75115
75115
75115
75115
75115
75115
75115
75116
75116
75116
75116
75116
75116
75116
75116
75116
75116
75116
75116
75116
75116
75116
75119
75119
75119
75119
75119
75126
75126
75126
75126
75126
75126
75126
75126
75126
75126
75126
75126
75126
75126
75126
75126
75126
75126
75126
75126
75126
75126
75126
75126
75126
75126
75134
75134
75134
75134
75134
75134
75134
75135
75135
75137
75137
75137
75137
75137
75137
75137
75137
75137
75137
75137
75137
75137
75137
75137
75137
75137
75137
75142
75142
75142
75142
75142
75146
75146
75146
75146
75146
75146
75146
75146
75149
75149
75149
75149
75149
75149
75149
75149
75149
75149
75149
75149
75149
75149
75149
75149
75149
75149
75149
75149
75149
75149
75149
75149
75149
75149
75149
75149
75149
75149
75149
75149
75149
75149
75149
75150
75150
75150
75150
75150
75150
75150
75150
75150
75150
75150
75150
75150
75150
75150
75150
75150
75150
75150
75150
75150
75150
75150
75150
75150
75150
75150
75150
75150
75150
75150
75150
75150
75150
75150
75150
75150
75150
75150
75150
75150
75150
75150
75150
75150
75150
75150
75150
75150
75152
75152
75154
75154
75154
75154
75154
75154
75154
75154
75154
75154
75154
75154
75154
75154
75158
75159
75159
75159
75159
75159
75159
75160
75160
75160
75160
75160
75160
75160
75160
75161
75165
75165
75165
75165
75165
75165
75165
75165
75165
75165
75166
75166
75166
75167
75167
75167
75167
75172
75173
75180
75180
75180
75180
75180
75180
75180
75180
75180
75180
75180
75181
75181
75181
75181
75181
75181
75181
75181
75181
75181
75181
75181
75181
75181
75181
75181
75181
75181
75181
75181
75181
75181
75181
75181
75181
75181
75181
75181
75182
75182
75182
75182
75189
75189
75189
75189
75189
75189
75189
75189
75201
75201
75201
75201
75201
75201
75202
75202
75202
75202
75203
75204
75204
75204
75204
75204
75204
75204
75204
75204
75204
75204
75204
75204
75204
75204
75204
75204
75204
75205
75205
75205
75205
75205
75205
75205
75205
75205
75205
75205
75205
75205
75205
75205
75205
75205
75205
75205
75205
75206
75206
75206
75206
75206
75206
75206
75206
75206
75206
75206
75206
75206
75206
75206
75206
75206
75206
75206
75206
75206
75206
75206
75206
75206
75206
75207
75207
75207
75207
75208
75208
75208
75208
75208
75208
75208
75208
75208
75208
75208
75208
75208
75208
75208
75208
75208
75208
75208
75208
75209
75209
75209
75209
75209
75209
75209
75209
75209
75209
75209
75209
75209
75210
75210
75211
75211
75211
75211
75211
75211
75211
75211
75211
75211
75211
75211
75211
75211
75211
75211
75212
75212
75212
75212
75214
75214
75214
75214
75214
75214
75214
75214
75214
75214
75214
75214
75214
75214
75214
75214
75214
75214
75214
75214
75214
75214
75214
75214
75214
75214
75214
75214
75214
75214
75214
75214
75214
75214
75214
75214
75214
75214
75214
75214
75214
75214
75214
75215
75215
75215
75216
75216
75216
75216
75216
75216
75216
75216
75217
75217
75217
75217
75217
75217
75217
75217
75217
75217
75217
75217
75218
75218
75218
75218
75218
75218
75218
75218
75218
75218
75218
75218
75218
75218
75218
75218
75218
75218
75218
75218
75218
75218
75218
75218
75218
75218
75218
75218
75218
75218
75218
75218
75218
75219
75219
75219
75219
75219
75219
75219
75219
75219
75219
75219
75219
75219
75219
75219
75219
75219
75219
75219
75219
75219
75219
75219
75219
75219
75219
75219
75219
75219
75219
75220
75220
75220
75220
75220
75220
75220
75220
75220
75220
75220
75220
75220
75220
75220
75220
75220
75220
75220
75220
75220
75223
75223
75223
75224
75224
75224
75224
75224
75224
75224
75225
75225
75225
75225
75225
75225
75225
75225
75225
75225
75225
75225
75225
75225
75225
75225
75225
75225
75225
75225
75225
75225
75226
75226
75226
75227
75227
75227
75227
75227
75227
75227
75227
75227
75227
75227
75227
75227
75227
75227
75227
75227
75227
75228
75228
75228
75228
75228
75228
75228
75228
75228
75228
75228
75228
75228
75228
75228
75228
75228
75228
75228
75228
75228
75228
75228
75228
75228
75228
75228
75228
75228
75228
75228
75228
75228
75228
75228
75228
75228
75228
75229
75229
75229
75229
75229
75229
75229
75229
75229
75229
75229
75229
75229
75229
75229
75229
75229
75229
75229
75229
75229
75229
75229
75229
75229
75229
75229
75229
75230
75230
75230
75230
75230
75230
75230
75230
75230
75230
75230
75230
75230
75230
75230
75230
75230
75230
75230
75230
75230
75230
75230
75230
75230
75230
75230
75230
75230
75230
75230
75230
75230
75230
75230
75230
75230
75230
75230
75230
75230
75230
75230
75230
75231
75231
75231
75231
75231
75231
75231
75231
75231
75231
75231
75231
75231
75231
75231
75231
75231
75231
75231
75231
75231
75231
75231
75231
75231
75231
75231
75232
75232
75232
75232
75232
75232
75232
75232
75232
75232
75232
75232
75232
75232
75232
75232
75232
75232
75232
75232
75233
75233
75233
75233
75234
75234
75234
75234
75234
75234
75234
75234
75234
75234
75234
75234
75234
75234
75234
75234
75234
75234
75234
75234
75234
75234
75234
75234
75234
75234
75235
75235
75235
75236
75236
75236
75236
75236
75238
75238
75238
75238
75238
75238
75238
75238
75238
75238
75238
75238
75238
75238
75238
75238
75238
75238
75238
75238
75238
75238
75238
75238
75238
75238
75238
75238
75238
75238
75238
75238
75238
75238
75238
75238
75238
75238
75238
75238
75238
75238
75238
75238
75238
75238
75238
75240
75240
75240
75240
75240
75240
75240
75240
75240
75240
75240
75240
75240
75240
75240
75240
75240
75240
75240
75240
75240
75240
75240
75241
75241
75241
75241
75241
75243
75243
75243
75243
75243
75243
75243
75243
75243
75243
75243
75243
75243
75243
75243
75243
75243
75243
75243
75243
75243
75243
75243
75243
75243
75243
75243
75243
75243
75243
75243
75243
75243
75243
75243
75243
75243
75243
75243
75243
75243
75243
75243
75243
75243
75243
75243
75243
75243
75243
75243
75243
75243
75243
75243
75243
75243
75243
75244
75244
75244
75244
75244
75244
75244
75244
75244
75244
75244
75244
75244
75244
75244
75244
75244
75244
75244
75244
75244
75244
75244
75244
75244
75244
75244
75244
75244
75244
75244
75244
75244
75244
75244
75244
75248
75248
75248
75248
75248
75248
75248
75248
75248
75248
75248
75248
75248
75248
75248
75248
75248
75248
75248
75248
75248
75248
75248
75248
75248
75248
75248
75248
75248
75248
75248
75248
75248
75248
75248
75248
75248
75248
75248
75248
75248
75248
75248
75248
75248
75248
75248
75248
75248
75248
75248
75248
75248
75248
75248
75248
75248
75248
75248
75248
75248
75248
75248
75248
75248
75248
75248
75248
75248
75248
75248
75248
75248
75248
75248
75248
75248
75248
75248
75248
75248
75248
75248
75248
75248
75248
75248
75248
75248
75248
75248
75248
75248
75248
75248
75248
75248
75248
75248
75249
75249
75249
75249
75249
75249
75251
75251
75251
75251
75251
75252
75252
75252
75252
75252
75252
75252
75252
75252
75252
75252
75252
75252
75252
75252
75252
75252
75252
75252
75252
75252
75252
75252
75252
75252
75252
75252
75252
75252
75252
75252
75252
75252
75252
75252
75252
75252
75252
75252
75252
75252
75252
75252
75252
75252
75252
75252
75252
75252
75252
75252
75252
75252
75252
75252
75253
75253
75253
75253
75254
75254
75254
75254
75254
75254
75254
75254
75254
75254
75254
75254
75254
75254
75254
75254
75254
75254
75254
75254
75254
75254
75254
75254
75254
75254
75254
75254
75287
75287
75287
75287
75287
75287
75287
75287
75287
75287
75287
75287
75287
75287
75287
75287
75287
75287
75287
75287
75287
75287
75287
75287
75287
75287
75287
75287
75287
75287
75287
75287
75287
75287
75287
75287
75287
75287
75287
75287
75287
75287
75287
75287
75287
75287
75287
75287
75287
75287
75287
75287
75287
75287
75287
75287
75287
75287
75287
75287
75287
75287
75287
75287
75287
75287
75287
75287
75401
75401
75401
75401
75402
75402
75402
75407
75407
75407
75407
75407
75407
75407
75407
75407
75407
75407
75407
75407
75409
75409
75409
75409
75409
75409
75409
75409
75409
75409
75423
75424
75428
75442
75442
75442
75442
75442
75453
75454
75454
75454
75454
75454
75454
75454
75474
75474
76065
76065
76065
76065
76065
76065
76065
76065
76065
76065
76201
76201
76205
76205
76205
76205
76205
76205
76207
76207
76207
76207
76207
76207
76207
76207
76207
76207
76207
76208
76208
76208
76208
76208
76208
76208
76208
76208
76208
76208
76208
76208
76208
76208
76208
76208
76208
76208
76208
76209
76209
76209
76209
76209
76210
76210
76210
76210
76210
76210
76210
76210
76210
76210
76210
76210
76210
76210
76210
76210
76210
76210
76210
76210
76210
76210
76210
76210
76210
76210
76210
76210
76210
76210
76210
76226
76226
76226
76226
76226
76226
76226
76226
76226
76226
76226
76226
76226
76226
76226
76226
76226
76226
76226
76226
76227
76227
76227
76227
76227
76227
76227
76227
76227
76227
76227
76227
76227
76227
76227
76227
76227
76227
76227
76227
76227
76227
76227
76227
76227
76227
76227
76240
76240
76247
76247
76247
76247
76247
76259
76262
76262
76262
76262
76262
76262
76262
76262
76262
76262
76262
76262
76262
76262
76262
76262
76262
76262
76262
76262
76262
76262
76262
76262
76262
76262
76262
76262
76262
76262
76262
76262
76262
76262
76262
76262
76262
76262
76262
76262
76262
76262
76262
76262
76262
76262
76266
76266
76272