48227
48382
48462
48323
48302
48154
48170
48152
48180
48239
48167
48346
48390
48393
48302
48111
48202
48301
48134
48075
48335
48134
48105
48224
48227
48152
48193
48075
48204
48152
48206
48341
48375
48103
48167
48346
48187
48138
48144
48383
48133
48103
48225
48206
48204
48328
48230
48234
48230
48324
48219
48173
48224
48360
48154
48203
48178
48116
48224
48239
48025
48197
48390
48154
48302
48009
48170
48223
48033
48329
48195
48329
48336
48442
48009
48034
48224
48152
48836
48034
48187
48304
48187
48185
48359
48170
48236
48340
48101
48183
48239
48212
48334
48221
48150
48374
48154
48240
48180
48180
48224
48239
48227
48138
48187
48224
48375
48324
48184
48152
48116
48197
48186
48076
48146
48187
48235
48134
48234
48331
48228
48236
48125
48076
48187
48075
48124
48186
48304
48381
48381
48195
48124
48235
48301
48236
48009
48105
48230
48336
48150
48009
48843
48215
48192
48183
48076
48178
48235
48235
48198
48346
48393
48329
48124
48034
48154
48205
48189
48144
48182
48382
48182
48182
48131
48170
48152
48144
48234
48197
48203
48221
48009
48009
48009
48009
48009
48009
48009
48009
48009
48009
48009
48009
48009
48009
48009
48009
48009
48009
48009
48009
48009
48009
48009
48009
48009
48009
48009
48009
48009
48009
48009
48009
48009
48009
48009
48009
48009
48009
48009
48009
48009
48009
48009
48009
48009
48009
48009
48009
48009
48009
48009
48025
48025
48025
48025
48025
48025
48025
48025
48025
48025
48025
48025
48025
48025
48025
48025
48025
48025
48025
48025
48025
48025
48025
48025
48025
48025
48025
48025
48025
48025
48025
48025
48025
48025
48025
48025
48025
48025
48025
48025
48025
48025
48025
48025
48025
48025
48025
48025
48025
48025
48025
48025
48025
48025
48025
48025
48033
48033
48033
48033
48033
48033
48033
48033
48033
48033
48033
48033
48033
48033
48033
48033
48033
48033
48033
48033
48033
48034
48034
48034
48034
48034
48034
48034
48034
48034
48034
48034
48034
48034
48034
48034
48034
48034
48034
48034
48034
48034
48034
48034
48034
48034
48034
48034
48034
48034
48034
48034
48034
48075
48075
48075
48075
48075
48075
48075
48075
48075
48075
48075
48075
48075
48075
48075
48075
48075
48075
48075
48075
48075
48075
48075
48075
48075
48075
48075
48075
48075
48075
48075
48076
48076
48076
48076
48076
48076
48076
48076
48076
48076
48076
48076
48076
48076
48076
48076
48076
48076
48076
48076
48076
48076
48076
48076
48076
48076
48076
48076
48076
48076
48076
48076
48076
48076
48076
48076
48076
48076
48076
48076
48076
48076
48076
48076
48076
48076
48076
48076
48076
48076
48076
48076
48076
48076
48076
48076
48076
48076
48076
48076
48076
48076
48076
48076
48076
48076
48076
48076
48076
48076
48076
48076
48076
48076
48076
48076
48076
48076
48076
48076
48076
48076
48076
48076
48076
48076
48101
48101
48101
48101
48101
48101
48101
48101
48101
48101
48101
48101
48101
48101
48101
48101
48101
48101
48101
48101
48101
48101
48101
48101
48101
48101
48101
48101
48101
48101
48101
48101
48101
48101
48101
48101
48101
48101
48101
48101
48101
48101
48101
48101
48101
48101
48101
48103
48103
48103
48103
48103
48103
48103
48103
48103
48103
48103
48103
48103
48103
48103
48103
48103
48104
48104
48104
48104
48104
48104
48105
48105
48105
48105
48105
48105
48105
48105
48105
48105
48105
48108
48108
48108
48108
48108
48111
48111
48111
48111
48111
48111
48111
48111
48111
48111
48111
48111
48111
48111
48111
48111
48111
48111
48111
48111
48111
48111
48111
48111
48111
48111
48111
48111
48111
48111
48111
48114
48114
48114
48114
48114
48114
48114
48114
48114
48114
48114
48114
48114
48114
48114
48116
48116
48116
48116
48116
48116
48116
48116
48116
48116
48116
48116
48116
48116
48116
48116
48116
48116
48116
48116
48116
48116
48116
48116
48116
48116
48117
48117
48117
48117
48118
48118
48118
48118
48118
48120
48120
48120
48122
48122
48122
48122
48122
48122
48122
48122
48122
48122
48122
48124
48124
48124
48124
48124
48124
48124
48124
48124
48124
48124
48124
48124
48124
48124
48124
48124
48124
48124
48124
48124
48124
48124
48124
48124
48124
48124
48124
48124
48124
48124
48124
48124
48124
48124
48124
48124
48124
48124
48124
48124
48124
48124
48124
48124
48124
48124
48124
48124
48124
48124
48124
48124
48124
48124
48124
48124
48124
48124
48124
48124
48124
48124
48124
48124
48124
48124
48124
48124
48124
48124
48124
48124
48124
48125
48125
48125
48125
48125
48125
48125
48125
48125
48125
48125
48125
48125
48125
48125
48125
48125
48125
48125
48125
48125
48125
48125
48125
48125
48126
48126
48126
48126
48126
48126
48126
48126
48126
48126
48126
48126
48126
48126
48126
48126
48126
48126
48126
48126
48126
48126
48127
48127
48127
48127
48127
48127
48127
48127
48127
48127
48127
48127
48127
48127
48127
48127
48127
48127
48127
48127
48127
48127
48127
48127
48127
48127
48127
48127
48127
48127
48127
48127
48127
48127
48127
48127
48127
48127
48127
48127
48127
48127
48127
48127
48127
48127
48127
48127
48127
48127
48127
48127
48127
48127
48127
48127
48127
48127
48127
48127
48127
48127
48127
48127
48128
48128
48128
48128
48128
48128
48128
48128
48128
48128
48128
48128
48128
48128
48128
48128
48128
48128
48128
48128
48128
48128
48128
48128
48128
48128
48128
48128
48128
48130
48130
48130
48130
48131
48131
48131
48131
48131
48131
48131
48131
48131
48133
48133
48133
48133
48133
48133
48133
48133
48133
48133
48133
48133
48133
48133
48133
48133
48133
48133
48133
48133
48133
48133
48133
48133
48134
48134
48134
48134
48134
48134
48134
48134
48134
48134
48134
48134
48134
48134
48134
48134
48134
48134
48134
48134
48134
48134
48134
48135
48135
48135
48135
48135
48135
48135
48135
48135
48135
48135
48135
48135
48135
48135
48135
48135
48135
48135
48135
48135
48135
48135
48135
48135
48135
48135
48135
48135
48135
48135
48135
48135
48135
48135
48135
48135
48135
48135
48135
48135
48135
48135
48135
48135
48135
48135
48135
48137
48137
48137
48138
48138
48138
48138
48138
48138
48138
48138
48138
48138
48138
48138
48138
48138
48138
48138
48138
48140
48140
48140
48140
48140
48140
48140
48140
48140
48140
48141
48141
48141
48141
48141
48141
48141
48141
48141
48141
48141
48141
48141
48141
48141
48144
48144
48144
48144
48144
48144
48144
48144
48144
48144
48144
48144
48144
48144
48144
48144
48144
48144
48144
48144
48144
48144
48144
48144
48144
48144
48144
48144
48144
48144
48144
48144
48144
48144
48144
48144
48144
48144
48144
48144
48144
48144
48144
48144
48144
48144
48144
48144
48144
48144
48144
48144
48144
48144
48144
48144
48144
48144
48144
48144
48144
48144
48144
48144
48144
48144
48144
48144
48145
48145
48146
48146
48146
48146
48146
48146
48146
48146
48146
48146
48146
48146
48146
48146
48146
48146
48146
48146
48146
48146
48146
48146
48146
48146
48146
48146
48150
48150
48150
48150
48150
48150
48150
48150
48150
48150
48150
48150
48150
48150
48150
48150
48150
48150
48150
48150
48150
48150
48150
48150
48150
48150
48150
48150
48150
48150
48150
48150
48150
48150
48150
48150
48150
48150
48150
48150
48150
48150
48150
48150
48150
48150
48150
48150
48150
48150
48150
48150
48150
48150
48150
48150
48150
48150
48150
48150
48150
48150
48150
48150
48150
48150
48150
48150
48150
48150
48150
48152
48152
48152
48152
48152
48152
48152
48152
48152
48152
48152
48152
48152
48152
48152
48152
48152
48152
48152
48152
48152
48152
48152
48152
48152
48152
48152
48152
48152
48152
48152
48152
48152
48152
48152
48152
48152
48152
48152
48152
48152
48152
48152
48152
48152
48152
48152
48152
48152
48152
48152
48152
48152
48152
48152
48152
48152
48152
48152
48152
48152
48152
48152
48152
48152
48152
48152
48152
48152
48152
48152
48152
48152
48152
48152
48152
48152
48152
48152
48152
48152
48152
48152
48152
48152
48152
48152
48152
48152
48152
48152
48152
48152
48152
48152
48152
48152
48152
48152
48152
48152
48152
48152
48152
48152
48152
48152
48152
48152
48152
48152
48152
48152
48152
48152
48152
48152
48152
48152
48152
48152
48152
48152
48152
48152
48152
48152
48152
48152
48152
48152
48152
48154
48154
48154
48154
48154
48154
48154
48154
48154
48154
48154
48154
48154
48154
48154
48154
48154
48154
48154
48154
48154
48154
48154
48154
48154
48154
48154
48154
48154
48154
48154
48154
48154
48154
48154
48154
48154
48154
48154
48154
48154
48154
48154
48154
48154
48154
48154
48154
48154
48154
48154
48154
48154
48154
48154
48154
48154
48154
48154
48154
48154
48154
48154
48154
48154
48154
48154
48154
48154
48154
48154
48154
48154
48154
48154
48154
48154
48154
48154
48154
48154
48154
48154
48154
48154
48154
48154
48154
48154
48154
48154
48154
48154
48154
48154
48154
48154
48154
48154
48154
48154
48154
48154
48154
48154
48154
48154
48154
48154
48154
48154
48154
48154
48154
48154
48154
48154
48154
48154
48154
48154
48154
48154
48154
48154
48154
48154
48154
48154
48154
48157
48157
48157
48158
48158
48159
48159
48160
48160
48160
48160
48160
48160
48161
48161
48161
48161
48161
48162
48162
48162
48162
48162
48162
48162
48162
48162
48164
48164
48164
48164
48164
48164
48164
48164
48164
48164
48164
48164
48164
48164
48164
48164
48164
48164
48164
48164
48165
48165
48165
48165
48165
48165
48165
48165
48165
48165
48165
48166
48167
48167
48167
48167
48167
48167
48167
48167
48167
48167
48167
48167
48167
48167
48167
48167
48167
48167
48167
48167
48167
48167
48167
48167
48167
48167
48167
48167
48167
48167
48167
48167
48167
48167
48167
48167
48167
48167
48167
48167
48167
48167
48167
48167
48167
48167
48167
48167
48167
48167
48167
48167
48167
48167
48167
48167
48167
48167
48167
48167
48167
48167
48167
48167
48167
48167
48167
48167
48167
48167
48167
48167
48167
48167
48167
48167
48168
48168
48168
48168
48168
48168
48168
48168
48168
48168
48168
48168
48168
48168
48168
48168
48168
48168
48168
48168
48168
48168
48168
48168
48168
48168
48168
48168
48168
48168
48168
48168
48168
48168
48168
48168
48168
48168
48168
48168
48168
48168
48168
48168
48168
48168
48168
48168
48168
48168
48168
48168
48168
48168
48168
48168
48168
48168
48168
48168
48168
48168
48168
48168
48168
48168
48168
48168
48169
48169
48169
48169
48169
48169
48169
48169
48169
48169
48170
48170
48170
48170
48170
48170
48170
48170
48170
48170
48170
48170
48170
48170
48170
48170
48170
48170
48170
48170
48170
48170
48170
48170
48170
48170
48170
48170
48170
48170
48170
48170
48170
48170
48170
48170
48170
48170
48170
48170
48170
48170
48170
48170
48170
48170
48170
48170
48170
48170
48170
48170
48170
48170
48170
48170
48170
48170
48170
48170
48170
48170
48170
48170
48170
48170
48170
48170
48170
48170
48170
48170
48170
48170
48170
48170
48170
48170
48173
48173
48173
48173
48173
48173
48173
48173
48173
48173
48173
48173
48173
48174
48174
48174
48174
48174
48174
48174
48174
48174
48174
48174
48174
48174
48174
48174
48174
48174
48174
48174
48174
48174
48174
48174
48174
48174
48174
48174
48174
48174
48174
48174
48174
48174
48174
48174
48174
48174
48176
48176
48176
48176
48176
48176
48176
48176
48178
48178
48178
48178
48178
48178
48178
48178
48178
48178
48178
48178
48178
48178
48178
48178
48178
48178
48178
48178
48178
48178
48178
48178
48178
48178
48178
48178
48178
48178
48178
48178
48178
48178
48178
48178
48178
48178
48178
48178
48179
48179
48179
48179
48179
48179
48179
48180
48180
48180
48180
48180
48180
48180
48180
48180
48180
48180
48180
48180
48180
48180
48180
48180
48180
48180
48180
48180
48180
48180
48180
48180
48180
48180
48180
48180
48180
48180
48180
48180
48180
48180
48180
48180
48180
48180
48180
48180
48180
48180
48180
48180
48180
48180
48180
48180
48180
48180
48180
48180
48180
48180
48180
48180
48180
48180
48180
48180
48180
48180
48180
48180
48180
48180
48180
48180
48180
48180
48180
48180
48180
48180
48180
48180
48182
48182
48182
48182
48182
48182
48182
48182
48182
48182
48182
48182
48182
48182
48182
48182
48182
48182
48182
48182
48182
48182
48182
48182
48182
48182
48182
48182
48182
48182
48182
48182
48182
48182
48182
48182
48182
48182
48182
48182
48182
48182
48182
48182
48182
48182
48182
48182
48182
48182
48182
48182
48182
48182
48182
48182
48182
48182
48182
48182
48182
48182
48182
48182
48182
48182
48182
48182
48182
48182
48182
48182
48182
48182
48182
48182
48182
48182
48182
48182
48182
48182
48182
48182
48182
48182
48182
48182
48182
48182
48182
48182
48182
48182
48182
48182
48182
48182
48182
48182
48182
48182
48182
48182
48182
48182
48182
48182
48182
48182
48182
48182
48182
48182
48182
48182
48182
48182
48182
48182
48182
48182
48182
48182
48182
48182
48182
48182
48182
48182
48182
48182
48182
48183
48183
48183
48183
48183
48183
48183
48183
48183
48183
48183
48183
48183
48183
48183
48183
48183
48183
48183
48183
48183
48183
48183
48183
48183
48183
48183
48183
48183
48183
48183
48183
48183
48183
48183
48183
48183
48183
48183
48183
48183
48183
48183
48183
48183
48183
48183
48183
48183
48183
48183
48183
48183
48183
48183
48183
48183
48183
48183
48183
48183
48183
48183
48183
48184
48184
48184
48184
48184
48184
48184
48184
48184
48184
48184
48184
48184
48184
48184
48184
48184
48184
48184
48184
48185
48185
48185
48185
48185
48185
48185
48185
48185
48185
48185
48185
48185
48185
48185
48185
48185
48185
48185
48185
48185
48185
48185
48185
48185
48185
48185
48185
48185
48185
48185
48185
48185
48185
48185
48185
48185
48185
48185
48185
48185
48185
48185
48185
48185
48185
48185
48185
48185
48185
48185
48185
48185
48185
48185
48185
48185
48185
48185
48185
48185
48185
48185
48185
48185
48185
48185
48185
48185
48185
48185
48185
48185
48185
48185
48185
48185
48185
48185
48185
48185
48185
48185
48185
48185
48185
48185
48185
48185
48185
48185
48185
48185
48185
48185
48185
48185
48185
48186
48186
48186
48186
48186
48186
48186
48186
48186
48186
48186
48186
48186
48186
48186
48186
48186
48186
48186
48186
48186
48186
48186
48186
48186
48186
48186
48186
48186
48186
48186
48186
48186
48186
48186
48186
48186
48186
48186
48186
48186
48186
48186
48186
48186
48186
48186
48186
48186
48186
48186
48186
48186
48186
48186
48186
48186
48187
48187
48187
48187
48187
48187
48187
48187
48187
48187
48187
48187
48187
48187
48187
48187
48187
48187
48187
48187
48187
48187
48187
48187
48187
48187
48187
48187
48187
48187
48187
48187
48187
48187
48187
48187
48187
48187
48187
48187
48187
48187
48187
48187
48187
48187
48187
48187
48187
48187
48187
48187
48187
48187
48187
48187
48187
48187
48187
48187
48187
48187
48187
48187
48187
48187
48187
48187
48187
48187
48187
48187
48187
48187
48187
48187
48187
48187
48187
48187
48187
48187
48187
48187
48187
48187
48187
48187
48187
48187
48187
48187
48187
48187
48188
48188
48188
48188
48188
48188
48188
48188
48188
48188
48188
48188
48188
48188
48188
48188
48188
48188
48188
48188
48188
48188
48188
48188
48188
48188
48188
48188
48188
48188
48188
48188
48188
48188
48188
48188
48188
48188
48188
48188
48188
48188
48188
48188
48188
48188
48188
48188
48188
48188
48188
48188
48188
48188
48188
48188
48188
48188
48188
48188
48188
48188
48188
48188
48188
48188
48188
48188
48188
48188
48188
48188
48188
48188
48188
48188
48188
48188
48188
48188
48188
48189
48189
48189
48189
48189
48189
48189
48189
48189
48191
48191
48192
48192
48192
48192
48192
48192
48192
48192
48192
48192
48192
48192
48192
48192
48192
48192
48192
48192
48192
48192
48192
48192
48192
48192
48192
48192
48192
48192
48192
48193
48193
48193
48193
48193
48193
48193
48193
48193
48193
48193
48193
48193
48193
48193
48193
48193
48193
48193
48193
48193
48193
48193
48193
48195
48195
48195
48195
48195
48195
48195
48195
48195
48195
48195
48195
48195
48195
48195
48195
48195
48195
48195
48195
48195
48195
48195
48195
48195
48195
48195
48195
48195
48195
48195
48195
48195
48195
48195
48195
48195
48195
48195
48197
48197
48197
48197
48197
48197
48197
48197
48197
48197
48197
48197
48197
48197
48197
48197
48197
48197
48197
48197
48197
48197
48197
48197
48197
48197
48197
48197
48197
48197
48197
48197
48197
48197
48197
48197
48198
48198
48198
48198
48198
48198
48198
48198
48198
48198
48198
48198
48198
48198
48201
48201
48201
48202
48202
48203
48203
48203
48203
48203
48203
48203
48203
48203
48203
48203
48203
48203
48203
48203
48203
48203
48203
48203
48203
48204
48204
48204
48204
48204
48204
48204
48204
48204
48204
48205
48205
48205
48205
48205
48205
48205
48205
48205
48205
48205
48205
48205
48205
48205
48205
48205
48205
48205
48205
48205
48205
48205
48205
48205
48206
48206
48206
48206
48206
48206
48206
48206
48206
48206
48207
48207
48207
48207
48207
48207
48207
48207
48207
48207
48207
48207
48207
48207
48207
48208
48208
48208
48208
48208
48208
48208
48209
48209
48209
48210
48210
48210
48210
48210
48210
48210
48211
48211
48211
48211
48212
48212
48212
48212
48212
48212
48212
48212
48212
48212
48212
48212
48212
48213
48213
48213
48213
48213
48213
48213
48213
48213
48213
48213
48213
48213
48213
48214
48214
48214
48214
48214
48214
48214
48214
48214
48214
48214
48214
48214
48215
48215
48215
48215
48216
48216
48216
48216
48217
48217
48217
48218
48219
48219
48219
48219
48219
48219
48219
48219
48219
48219
48219
48219
48219
48219
48219
48219
48219
48219
48219
48219
48219
48219
48219
48219
48219
48219
48219
48219
48219
48219
48219
48219
48219
48219
48219
48219
48219
48219
48219
48219
48219
48219
48219
48219
48219
48219
48219
48219
48221
48221
48221
48221
48221
48221
48221
48221
48221
48221
48221
48221
48221
48221
48221
48221
48221
48221
48221
48221
48221
48221
48221
48221
48221
48221
48221
48221
48221
48221
48221
48221
48221
48221
48221
48221
48221
48221
48221
48221
48221
48221
48221
48221
48221
48221
48221
48223
48223
48223
48223
48223
48223
48223
48223
48223
48223
48223
48223
48223
48223
48223
48223
48223
48223
48223
48223
48223
48223
48224
48224
48224
48224
48224
48224
48224
48224
48224
48224
48224
48224
48224
48224
48224
48224
48224
48224
48224
48224
48224
48224
48224
48224
48224
48224
48224
48224
48224
48224
48224
48224
48224
48224
48224
48224
48224
48224
48224
48224
48224
48225
48225
48225
48225
48225
48225
48225
48225
48225
48225
48225
48225
48225
48225
48225
48225
48225
48225
48225
48225
48225
48225
48225
48225
48225
48225
48225
48225
48225
48225
48225
48225
48225
48225
48225
48225
48225
48226
48226
48226
48226
48226
48227
48227
48227
48227
48227
48227
48227
48227
48227
48227
48227
48227
48227
48227
48227
48227
48227
48227
48227
48227
48227
48227
48228
48228
48228
48228
48228
48228
48228
48228
48228
48228
48228
48228
48228
48228
48228
48228
48228
48228
48228
48228
48228
48228
48228
48228
48228
48228
48228
48228
48228
48228
48228
48229
48229
48229
48229
48229
48229
48230
48230
48230
48230
48230
48230
48230
48230
48230
48230
48230
48230
48230
48230
48230
48230
48230
48230
48230
48230
48230
48230
48230
48230
48230
48230
48230
48230
48230
48230
48230
48230
48230
48230
48230
48230
48230
48230
48230
48230
48230
48230
48230
48230
48230
48230
48230
48230
48234
48234
48234
48234
48234
48234
48234
48234
48234
48234
48234
48234
48234
48234
48234
48234
48234
48234
48234
48234
48234
48235
48235
48235
48235
48235
48235
48235
48235
48235
48235
48235
48235
48235
48235
48235
48235
48235
48235
48235
48235
48235
48235
48235
48235
48235
48235
48235
48235
48235
48235
48235
48235
48235
48235
48235
48236
48236
48236
48236
48236
48236
48236
48236
48236
48236
48236
48236
48236
48236
48236
48236
48236
48236
48236
48236
48236
48236
48236
48236
48236
48236
48236
48236
48236
48236
48236
48236
48236
48236
48236
48236
48236
48236
48236
48236
48236
48236
48236
48236
48236
48236
48236
48236
48236
48236
48236
48236
48236
48236
48236
48236
48236
48236
48236
48236
48236
48236
48236
48236
48236
48236
48236
48236
48236
48236
48236
48236
48236
48236
48236
48236
48236
48236
48236
48236
48236
48236
48236
48236
48236
48236
48236
48236
48236
48236
48236
48236
48236
48236
48236
48236
48236
48236
48236
48236
48236
48236
48236
48236
48236
48236
48236
48236
48236
48236
48238
48238
48238
48238
48238
48238
48238
48238
48238
48238
48238
48238
48239
48239
48239
48239
48239
48239
48239
48239
48239
48239
48239
48239
48239
48239
48239
48239
48239
48239
48239
48239
48239
48239
48239
48239
48239
48239
48239
48239
48239
48239
48239
48239
48239
48239
48239
48239
48239
48239
48239
48239
48239
48239
48239
48239
48239
48239
48239
48239
48239
48239
48239
48239
48239
48239
48239
48239
48239
48239
48239
48239
48239
48239
48240
48240
48240
48240
48240
48240
48240
48240
48240
48240
48240
48240
48240
48240
48240
48240
48240
48240
48240
48240
48240
48240
48301
48301
48301
48301
48301
48301
48301
48301
48301
48301
48301
48301
48301
48301
48301
48301
48301
48301
48301
48301
48301
48301
48301
48301
48301
48301
48301
48301
48301
48301
48301
48301
48301
48301
48301
48301
48302
48302
48302
48302
48302
48302
48302
48302
48302
48302
48302
48302
48302
48302
48302
48302
48302
48302
48302
48302
48302
48302
48302
48302
48302
48302
48302
48302
48302
48302
48302
48302
48302
48302
48302
48302
48302
48302
48302
48302
48302
48302
48302
48302
48302
48304
48304
48304
48304
48304
48304
48304
48304
48304
48304
48304
48304
48304
48304
48304
48304
48304
48304
48304
48304
48304
48304
48304
48304
48304
48304
48304
48304
48304
48304
48304
48304
48304
48304
48304
48304
48304
48304
48304
48304
48304
48304
48304
48304
48304
48304
48304
48304
48304
48304
48304
48304
48304
48304
48304
48304
48304
48304
48320
48320
48320
48320
48320
48320
48320
48320
48320
48320
48320
48320
48322
48322
48322
48322
48322
48322
48322
48322
48322
48322
48322
48322
48322
48322
48322
48322
48322
48322
48322
48322
48322
48322
48322
48322
48322
48322
48322
48322
48322
48322
48322
48322
48322
48322
48322
48322
48322
48322
48322
48322
48322
48322
48322
48322
48322
48322
48322
48322
48322
48322
48322
48322
48322
48322
48322
48322
48322
48322
48322
48322
48322
48322
48322
48322
48322
48322
48322
48322
48322
48322
48322
48322
48322
48322
48322
48322
48322
48322
48322
48322
48322
48322
48322
48322
48322
48322
48322
48322
48322
48322
48322
48322
48322
48322
48322
48322
48322
48322
48322
48322
48322
48322
48322
48322
48322
48322
48322
48322
48322
48322
48322
48322
48322
48322
48322
48322
48322
48322
48322
48322
48322
48322
48322
48322
48322
48322
48322
48322
48322
48322
48322
48322
48322
48322
48322
48322
48322
48322
48322
48322
48322
48322
48322
48322
48322
48322
48322
48322
48322
48322
48322
48323
48323
48323
48323
48323
48323
48323
48323
48323
48323
48323
48323
48323
48323
48323
48323
48323
48323
48323
48323
48323
48323
48323
48323
48323
48323
48323
48323
48323
48323
48323
48323
48323
48323
48323
48323
48323
48323
48323
48323
48323
48323
48323
48323
48323
48323
48323
48323
48323
48323
48323
48323
48323
48323
48323
48323
48323
48323
48323
48323
48323
48323
48323
48323
48323
48323
48323
48323
48323
48323
48323
48324
48324
48324
48324
48324
48324
48324
48324
48324
48324
48324
48324
48324
48324
48324
48324
48324
48324
48324
48324
48324
48324
48324
48324
48324
48324
48324
48324
48324
48324
48324
48324
48324
48324
48324
48324
48324
48324
48324
48324
48324
48324
48324
48324
48324
48327
48327
48327
48327
48327
48327
48327
48327
48327
48327
48327
48327
48327
48327
48327
48327
48327
48327
48327
48327
48327
48327
48327
48327
48327
48327
48327
48327
48327
48327
48327
48327
48327
48327
48327
48327
48327
48327
48327
48327
48327
48327
48328
48328
48328
48328
48328
48328
48328
48328
48328
48328
48328
48328
48328
48328
48328
48328
48328
48328
48328
48328
48328
48328
48328
48328
48328
48328
48328
48328
48328
48328
48328
48328
48328
48328
48328
48328
48328
48328
48328
48328
48328
48328
48328
48328
48328
48328
48328
48328
48329
48329
48329
48329
48329
48329
48329
48329
48329
48329
48329
48329
48329
48329
48329
48329
48329
48329
48329
48329
48329
48329
48329
48329
48329
48329
48329
48329
48329
48329
48329
48329
48329
48329
48329
48329
48329
48329
48329
48329
48329
48329
48329
48329
48329
48329
48329
48329
48329
48329
48329
48329
48329
48329
48329
48329
48329
48329
48329
48329
48329
48329
48329
48329
48329
48329
48329
48329
48329
48331
48331
48331
48331
48331
48331
48331
48331
48331
48331
48331
48331
48331
48331
48331
48331
48331
48331
48331
48331
48331
48331
48331
48331
48331
48331
48331
48331
48331
48331
48331
48331
48331
48331
48331
48331
48331
48331
48331
48331
48331
48331
48331
48331
48331
48331
48331
48331
48331
48331
48331
48331
48331
48331
48331
48331
48331
48331
48331
48331
48331
48331
48331
48331
48331
48331
48331
48331
48331
48331
48331
48331
48331
48331
48331
48331
48331
48331
48331
48331
48331
48331
48331
48331
48331
48331
48331
48331
48331
48331
48331
48331
48331
48331
48331
48331
48331
48331
48331
48331
48331
48331
48331
48331
48331
48334
48334
48334
48334
48334
48334
48334
48334
48334
48334
48334
48334
48334
48334
48334
48334
48334
48334
48334
48334
48334
48334
48334
48334
48334
48334
48334
48334
48334
48334
48334
48334
48334
48334
48334
48334
48334
48334
48334
48334
48334
48334
48334
48334
48334
48334
48334
48334
48334
48334
48334
48334
48334
48334
48334
48334
48334
48334
48334
48334
48334
48334
48334
48334
48334
48334
48335
48335
48335
48335
48335
48335
48335
48335
48335
48335
48335
48335
48335
48335
48335
48335
48335
48335
48335
48335
48335
48335
48335
48335
48335
48335
48335
48335
48335
48335
48335
48335
48335
48335
48335
48335
48335
48335
48335
48335
48335
48335
48335
48335
48335
48335
48335
48335
48335
48335
48335
48335
48335
48335
48335
48335
48336
48336
48336
48336
48336
48336
48336
48336
48336
48336
48336
48336
48336
48336
48336
48336
48336
48336
48336
48336
48336
48336
48336
48336
48336
48336
48336
48336
48336
48336
48336
48336
48336
48336
48336
48336
48336
48336
48336
48336
48336
48336
48336
48336
48336
48336
48336
48336
48336
48336
48336
48336
48336
48336
48336
48336
48336
48336
48336
48336
48336
48336
48336
48336
48336
48336
48336
48336
48336
48336
48336
48336
48336
48336
48340
48340
48340
48340
48340
48340
48340
48340
48340
48341
48341
48341
48341
48341
48341
48341
48341
48341
48341
48341
48342
48342
48342
48342
48342
48342
48342
48346
48346
48346
48346
48346
48346
48346
48346
48346
48346
48346
48346
48346
48346
48346
48346
48346
48346
48346
48346
48346
48346
48346
48346
48346
48346
48346
48346
48346
48346
48346
48346
48346
48346
48346
48346
48346
48346
48346
48346
48346
48346
48346
48346
48346
48346
48346
48346
48346
48346
48346
48346
48346
48346
48346
48346
48346
48346
48348
48348
48348
48348
48348
48348
48348
48348
48348
48348
48348
48348
48348
48348
48348
48348
48348
48348
48348
48348
48348
48348
48348
48348
48348
48348
48348
48348
48348
48348
48348
48348
48348
48348
48348
48348
48348
48348
48348
48348
48348
48348
48348
48348
48348
48348
48348
48348
48348
48348
48348
48348
48348
48348
48348
48348
48348
48348
48348
48348
48350
48350
48350
48350
48350
48350
48350
48350
48350
48350
48350
48350
48350
48350
48350
48350
48350
48350
48350
48350
48350
48350
48350
48350
48353
48353
48353
48353
48353
48353
48353
48353
48353
48353
48356
48356
48356
48356
48356
48356
48356
48356
48356
48356
48356
48356
48356
48357
48357
48357
48357
48357
48359
48359
48359
48359
48359
48359
48359
48359
48359
48359
48359
48359
48359
48359
48359
48359
48359
48359
48359
48360
48360
48360
48360
48360
48360
48360
48360
48360
48360
48360
48360
48360
48360
48360
48360
48360
48360
48360
48360
48360
48360
48360
48360
48360
48360
48360
48360
48360
48360
48360
48360
48360
48360
48360
48360
48360
48360
48360
48360
48360
48360
48360
48360
48360
48360
48360
48360
48360
48360
48360
48360
48360
48360
48360
48360
48360
48360
48362
48362
48362
48362
48362
48362
48362
48362
48362
48362
48362
48362
48362
48362
48362
48362
48362
48362
48362
48362
48362
48362
48362
48362
48362
48362
48362
48362
48362
48362
48362
48362
48362
48362
48362
48362
48362
48362
48362
48362
48362
48362
48362
48362
48362
48362
48370
48370
48371
48371
48371
48371
48371
48371
48371
48371
48371
48371
48371
48371
48371
48371
48371
48371
48371
48371
48371
48371
48371
48371
48371
48371
48371
48371
48371
48371
48371
48371
48371
48371
48371
48371
48371
48371
48371
48371
48371
48371
48371
48371
48371
48371
48371
48371
48371
48371
48371
48371
48371
48371
48371
48371
48371
48371
48371
48371
48371
48371
48371
48371
48371
48371
48371
48371
48374
48374
48374
48374
48374
48374
48374
48374
48374
48374
48374
48374
48374
48374
48374
48374
48374
48374
48374
48374
48374
48374
48374
48374
48374
48374
48374
48374
48374
48374
48374
48374
48374
48374
48375
48375
48375
48375
48375
48375
48375
48375
48375
48375
48375
48375
48375
48375
48375
48375
48375
48375
48375
48375
48375
48375
48375
48375
48375
48375
48375
48375
48375
48375
48375
48375
48375
48375
48375
48375
48375
48375
48375
48375
48375
48375
48375
48375
48375
48375
48375
48375
48375
48375
48375
48375
48375
48375
48375
48375
48377
48377
48377
48377
48377
48377
48377
48377
48377
48377
48377
48377
48377
48377
48377
48377
48377
48377
48377
48377
48377
48377
48377
48377
48377
48377
48377
48377
48377
48377
48377
48377
48377
48377
48377
48380
48380
48380
48380
48380
48380
48380
48381
48381
48381
48381
48381
48381
48381
48381
48381
48381
48381
48381
48381
48381
48381
48381
48381
48381
48382
48382
48382
48382
48382
48382
48382
48382
48382
48382
48382
48382
48382
48382
48382
48382
48382
48382
48382
48382
48382
48382
48382
48382
48382
48382
48382
48382
48382
48382
48382
48382
48382
48382
48382
48382
48382
48382
48382
48382
48382
48382
48382
48382
48382
48382
48382
48382
48382
48382
48382
48382
48382
48382
48382
48382
48382
48382
48382
48382
48382
48382
48382
48382
48382
48383
48383
48383
48383
48383
48383
48383
48383
48383
48383
48383
48383
48383
48383
48383
48383
48383
48383
48383
48383
48383
48383
48383
48383
48383
48383
48383
48386
48386
48386
48386
48386
48386
48386
48386
48386
48386
48386
48386
48386
48386
48386
48386
48386
48386
48386
48386
48386
48386
48386
48386
48386
48386
48386
48386
48386
48386
48386
48386
48386
48386
48386
48386
48386
48386
48386
48386
48386
48386
48386
48386
48386
48386
48386
48386
48386
48386
48386
48386
48386
48386
48386
48390
48390
48390
48390
48390
48390
48390
48390
48390
48390
48390
48390
48390
48390
48390
48390
48390
48390
48390
48390
48390
48390
48390
48390
48390
48390
48390
48390
48390
48390
48390
48390
48390
48390
48390
48390
48390
48390
48390
48390
48390
48390
48390
48390
48390
48390
48390
48390
48390
48390
48390
48390
48390
48390
48390
48390
48390
48390
48390
48390
48390
48390
48390
48390
48390
48390
48390
48390
48390
48390
48390
48390
48390
48390
48390
48390
48390
48390
48390
48393
48393
48393
48393
48393
48393
48393
48393
48393
48393
48393
48393
48393
48393
48393
48393
48393
48393
48393
48393
48393
48393
48393
48393
48393
48393
48393
48393
48393
48393
48393
48393
48393
48393
48393
48393
48393
48393
48393
48442
48442
48442
48442
48442
48442
48442
48442
48442
48442
48442
48442
48442
48442
48442
48442
48442
48442
48462
48462
48462
48462
48462
48462
48462
48462
48462
48462
48462
48462
48462
48462
48462
48462
48462
48462
48462
48462
48462
48462
48462
48462
48462
48462
48462
48462
48462
48462
48462
48462
48462
48462
48836
48843
48843
48843
48843
48843
48843
48843
48843
48843
48843
48843
48843
48843
48843
48843
48843
48843
48843
48843
48843
48843
48843
48843
48843
48843
48843
48843
48843
48855
48855
48855
48855
48855
49267
49267
49267
49267
49267
49267
49267
49267
49267
49267
49267
49267
49267
49267
49267
49267
49267
49267
49267
49267
49267
49267
49267
49267
49267
49267
49267
49267
49267
49267
49267
49267
49267
49270
49270
49270
49270
49270
49270
49270
49270
49270
49270
49270
49270
49270
49270
49270
49270
49270
49270
49270
49270
49270
49270
49270
49270