76116
76033
76108
76021
76016
76092
76001
76179
76012
76022
76022
76021
76016
76133
76116
76022
76137
76053
76117
76109
76016
76002
76108
76002
76133
76021
76180
76020
76180
76053
76028
76131
76134
76645
76009
76087
76137
76017
76078
76017
76001
76014
76112
76112
76034
76133
76636
76133
76137
76108
76116
76180
76012
76137
76116
76108
76063
76131
76114
76016
76087
76017
76082
76123
76054
76120
76092
76103
76051
76103
76016
76054
76179
76116
76135
76117
76049
76001
76179
76017
76012
76137
76126
76092
76012
76020
76013
76063
76036
76134
76018
76126
76006
76006
76039
75054
75054
75054
75054
75054
75054
75054
75054
75054
75054
75054
75054
75054
75054
75054
75054
75261
75261
76001
76001
76001
76001
76001
76001
76001
76001
76001
76001
76001
76001
76001
76001
76001
76001
76001
76001
76001
76001
76001
76001
76001
76001
76001
76001
76001
76001
76001
76001
76001
76001
76001
76001
76001
76001
76001
76001
76001
76001
76001
76001
76001
76001
76001
76001
76001
76001
76001
76001
76001
76001
76001
76001
76001
76001
76001
76001
76001
76001
76001
76001
76001
76001
76001
76001
76001
76001
76001
76001
76002
76002
76002
76002
76002
76002
76002
76002
76002
76002
76002
76002
76002
76002
76002
76002
76002
76002
76002
76002
76002
76002
76002
76002
76002
76002
76002
76002
76002
76002
76002
76002
76002
76002
76002
76002
76002
76002
76002
76002
76002
76002
76002
76002
76002
76002
76002
76002
76002
76006
76006
76006
76006
76006
76006
76006
76006
76006
76006
76006
76006
76006
76006
76006
76006
76006
76006
76006
76006
76006
76006
76006
76006
76006
76006
76006
76006
76006
76006
76006
76006
76006
76006
76008
76008
76008
76008
76008
76008
76008
76008
76008
76008
76008
76008
76008
76008
76008
76008
76009
76009
76009
76009
76009
76009
76009
76009
76010
76010
76010
76010
76010
76010
76010
76010
76010
76010
76010
76010
76010
76010
76010
76010
76010
76010
76010
76010
76010
76011
76011
76011
76011
76011
76011
76011
76011
76011
76011
76011
76011
76011
76011
76011
76011
76011
76011
76011
76011
76011
76011
76011
76012
76012
76012
76012
76012
76012
76012
76012
76012
76012
76012
76012
76012
76012
76012
76012
76012
76012
76012
76012
76012
76012
76012
76012
76012
76012
76012
76012
76012
76012
76012
76012
76012
76012
76012
76012
76012
76012
76012
76012
76012
76012
76012
76012
76012
76012
76012
76012
76012
76013
76013
76013
76013
76013
76013
76013
76013
76013
76013
76013
76013
76013
76013
76013
76013
76013
76013
76013
76013
76013
76013
76013
76013
76013
76013
76013
76013
76013
76013
76013
76013
76013
76013
76013
76013
76013
76013
76013
76013
76013
76013
76013
76013
76013
76013
76013
76013
76013
76013
76013
76013
76013
76013
76013
76013
76013
76013
76013
76013
76013
76013
76013
76013
76013
76013
76013
76013
76013
76013
76013
76013
76013
76013
76013
76013
76013
76013
76013
76013
76013
76014
76014
76014
76014
76014
76014
76014
76014
76014
76014
76014
76014
76014
76014
76014
76014
76014
76014
76014
76014
76014
76014
76014
76014
76014
76014
76014
76014
76014
76015
76015
76015
76015
76015
76015
76015
76015
76015
76015
76015
76015
76015
76015
76015
76015
76015
76015
76015
76015
76015
76015
76015
76016
76016
76016
76016
76016
76016
76016
76016
76016
76016
76016
76016
76016
76016
76016
76016
76016
76016
76016
76016
76016
76016
76016
76016
76016
76016
76016
76016
76016
76016
76016
76016
76016
76016
76016
76016
76016
76016
76016
76016
76016
76016
76016
76016
76016
76016
76016
76016
76016
76016
76016
76016
76016
76016
76016
76016
76016
76016
76016
76016
76016
76016
76016
76016
76016
76016
76016
76016
76016
76016
76016
76016
76016
76016
76016
76016
76016
76016
76016
76016
76016
76016
76016
76016
76017
76017
76017
76017
76017
76017
76017
76017
76017
76017
76017
76017
76017
76017
76017
76017
76017
76017
76017
76017
76017
76017
76017
76017
76017
76017
76017
76017
76017
76017
76017
76017
76017
76017
76017
76017
76017
76017
76017
76017
76017
76017
76017
76017
76017
76017
76017
76017
76017
76017
76017
76017
76017
76017
76017
76017
76017
76017
76017
76017
76017
76017
76017
76017
76017
76017
76017
76017
76017
76017
76017
76017
76017
76017
76017
76017
76017
76017
76017
76017
76017
76017
76017
76017
76017
76017
76017
76017
76017
76017
76017
76017
76017
76017
76017
76017
76017
76017
76017
76017
76017
76018
76018
76018
76018
76018
76018
76018
76018
76018
76018
76018
76018
76018
76018
76018
76018
76018
76018
76018
76018
76018
76018
76018
76018
76018
76018
76018
76018
76018
76018
76018
76018
76018
76020
76020
76020
76020
76020
76020
76020
76020
76020
76020
76020
76020
76020
76020
76020
76020
76020
76020
76020
76020
76020
76020
76020
76020
76020
76020
76020
76020
76020
76020
76020
76020
76020
76021
76021
76021
76021
76021
76021
76021
76021
76021
76021
76021
76021
76021
76021
76021
76021
76021
76021
76021
76021
76021
76021
76021
76021
76021
76021
76021
76021
76021
76021
76021
76021
76021
76021
76021
76021
76021
76021
76021
76021
76021
76021
76021
76021
76021
76021
76021
76021
76021
76021
76021
76021
76021
76021
76021
76021
76021
76021
76021
76021
76021
76021
76021
76021
76021
76021
76021
76021
76021
76021
76021
76021
76021
76021
76021
76021
76021
76021
76021
76021
76021
76021
76021
76021
76021
76021
76021
76021
76021
76021
76021
76022
76022
76022
76022
76022
76022
76022
76022
76022
76022
76022
76022
76022
76022
76022
76022
76022
76022
76022
76022
76022
76022
76022
76022
76023
76023
76023
76023
76023
76028
76028
76028
76028
76028
76028
76028
76028
76028
76028
76028
76028
76028
76028
76028
76028
76028
76028
76028
76028
76028
76028
76028
76028
76028
76028
76028
76028
76028
76028
76028
76028
76028
76028
76028
76028
76028
76028
76028
76028
76028
76028
76028
76028
76028
76028
76028
76028
76028
76028
76028
76028
76028
76028
76028
76028
76028
76028
76028
76028
76028
76028
76028
76031
76031
76031
76031
76033
76033
76033
76033
76034
76034
76034
76034
76034
76034
76034
76034
76034
76034
76034
76034
76034
76034
76034
76034
76034
76034
76034
76034
76034
76034
76034
76034
76034
76034
76034
76034
76034
76034
76034
76034
76034
76034
76034
76034
76034
76034
76034
76034
76034
76034
76034
76034
76034
76034
76034
76034
76034
76034
76034
76034
76034
76034
76034
76034
76034
76034
76034
76034
76034
76034
76034
76034
76034
76034
76035
76036
76036
76036
76036
76036
76036
76036
76036
76036
76036
76036
76036
76036
76036
76036
76036
76036
76036
76036
76036
76036
76036
76036
76036
76036
76036
76036
76036
76036
76036
76036
76036
76039
76039
76039
76039
76039
76039
76039
76039
76039
76039
76039
76039
76039
76039
76039
76039
76039
76039
76039
76039
76039
76039
76039
76039
76039
76039
76039
76039
76039
76039
76039
76039
76039
76039
76039
76039
76039
76039
76039
76039
76039
76039
76039
76039
76039
76039
76039
76039
76039
76039
76039
76039
76039
76039
76039
76039
76039
76039
76039
76039
76039
76039
76039
76039
76039
76039
76039
76039
76040
76040
76040
76040
76040
76040
76040
76040
76040
76040
76040
76040
76040
76040
76040
76040
76040
76040
76040
76040
76040
76040
76040
76040
76040
76040
76040
76040
76040
76040
76043
76044
76048
76048
76048
76048
76048
76048
76048
76049
76049
76049
76049
76049
76049
76049
76049
76049
76049
76049
76049
76049
76049
76050
76051
76051
76051
76051
76051
76051
76051
76051
76051
76051
76051
76051
76051
76051
76051
76051
76051
76051
76051
76051
76051
76051
76051
76051
76051
76051
76051
76051
76051
76051
76051
76051
76051
76051
76051
76051
76051
76051
76051
76051
76051
76051
76051
76051
76051
76051
76051
76051
76051
76051
76051
76051
76051
76051
76051
76051
76051
76051
76051
76051
76051
76051
76051
76051
76051
76051
76051
76051
76051
76051
76051
76051
76051
76051
76051
76051
76051
76051
76052
76052
76052
76052
76052
76052
76052
76052
76052
76052
76052
76052
76052
76052
76052
76052
76052
76052
76052
76052
76052
76052
76052
76052
76052
76052
76052
76052
76052
76052
76052
76052
76052
76052
76052
76052
76052
76052
76052
76052
76052
76052
76052
76052
76052
76052
76052
76052
76052
76052
76052
76052
76052
76052
76052
76052
76053
76053
76053
76053
76053
76053
76053
76053
76053
76053
76053
76053
76053
76053
76053
76053
76053
76053
76053
76053
76053
76053
76053
76053
76053
76053
76053
76053
76053
76053
76053
76053
76053
76053
76053
76053
76053
76053
76053
76054
76054
76054
76054
76054
76054
76054
76054
76054
76054
76054
76054
76054
76054
76054
76054
76054
76054
76054
76054
76054
76054
76054
76054
76054
76054
76054
76054
76054
76054
76054
76054
76054
76054
76054
76054
76054
76054
76054
76054
76054
76054
76054
76054
76054
76054
76054
76054
76055
76055
76058
76058
76058
76058
76058
76058
76058
76058
76058
76058
76058
76059
76060
76060
76060
76060
76060
76060
76060
76060
76060
76060
76060
76060
76063
76063
76063
76063
76063
76063
76063
76063
76063
76063
76063
76063
76063
76063
76063
76063
76063
76063
76063
76063
76063
76063
76063
76063
76063
76063
76063
76063
76063
76063
76063
76063
76063
76063
76063
76063
76063
76063
76063
76063
76063
76063
76063
76063
76063
76063
76063
76063
76063
76063
76063
76063
76063
76063
76063
76063
76063
76063
76063
76063
76063
76063
76063
76063
76063
76063
76063
76063
76063
76063
76063
76063
76063
76063
76063
76063
76063
76063
76063
76063
76063
76063
76063
76063
76063
76063
76063
76063
76063
76063
76063
76063
76063
76063
76063
76063
76063
76063
76063
76063
76063
76063
76063
76063
76063
76063
76063
76063
76063
76063
76063
76063
76063
76063
76063
76063
76063
76063
76063
76063
76063
76063
76063
76063
76063
76063
76063
76063
76063
76063
76063
76063
76063
76063
76063
76063
76063
76063
76063
76063
76063
76063
76063
76063
76063
76063
76063
76063
76063
76063
76063
76063
76063
76063
76063
76063
76063
76063
76063
76063
76063
76063
76063
76063
76063
76063
76066
76067
76067
76067
76071
76071
76071
76071
76071
76071
76071
76071
76071
76071
76071
76071
76071
76073
76078
76078
76078
76078
76078
76078
76078
76078
76078
76082
76082
76082
76082
76082
76082
76082
76084
76084
76084
76085
76085
76086
76087
76087
76087
76087
76087
76087
76087
76087
76087
76087
76087
76087
76087
76087
76088
76088
76088
76092
76092
76092
76092
76092
76092
76092
76092
76092
76092
76092
76092
76092
76092
76092
76092
76092
76092
76092
76092
76092
76092
76092
76092
76092
76092
76092
76092
76092
76092
76092
76092
76092
76092
76092
76092
76092
76092
76092
76092
76092
76092
76092
76092
76092
76092
76092
76092
76092
76092
76092
76092
76092
76092
76092
76092
76092
76092
76092
76092
76092
76092
76092
76102
76102
76102
76102
76102
76102
76102
76102
76102
76102
76102
76102
76102
76102
76102
76103
76103
76103
76103
76103
76103
76103
76103
76103
76103
76103
76103
76103
76103
76103
76103
76103
76103
76103
76104
76104
76104
76104
76104
76105
76105
76105
76105
76105
76105
76105
76106
76106
76106
76106
76106
76106
76106
76106
76106
76107
76107
76107
76107
76107
76107
76107
76107
76107
76107
76107
76107
76107
76107
76107
76107
76108
76108
76108
76108
76108
76108
76108
76108
76108
76108
76108
76108
76108
76108
76108
76108
76108
76108
76108
76108
76108
76108
76108
76108
76108
76108
76108
76108
76108
76108
76108
76108
76108
76108
76108
76108
76108
76108
76108
76108
76108
76108
76108
76108
76108
76108
76108
76108
76108
76108
76109
76109
76109
76109
76109
76109
76109
76109
76109
76109
76109
76109
76109
76109
76109
76109
76109
76109
76109
76109
76109
76110
76110
76110
76110
76110
76110
76110
76110
76110
76110
76110
76110
76110
76110
76110
76111
76111
76111
76111
76111
76111
76112
76112
76112
76112
76112
76112
76112
76112
76112
76112
76112
76112
76112
76112
76112
76112
76112
76112
76112
76112
76112
76112
76112
76112
76112
76112
76112
76112
76112
76112
76112
76112
76112
76112
76112
76112
76112
76114
76114
76114
76114
76114
76114
76114
76114
76114
76114
76114
76114
76114
76115
76115
76115
76115
76116
76116
76116
76116
76116
76116
76116
76116
76116
76116
76116
76116
76116
76116
76116
76116
76116
76116
76116
76116
76116
76116
76116
76116
76116
76116
76116
76116
76116
76116
76116
76116
76116
76116
76116
76116
76116
76116
76117
76117
76117
76117
76117
76117
76117
76117
76117
76117
76117
76117
76117
76117
76117
76117
76117
76117
76117
76117
76117
76117
76117
76117
76117
76117
76117
76117
76117
76117
76117
76117
76117
76117
76117
76117
76117
76117
76117
76118
76118
76118
76118
76118
76118
76118
76118
76118
76118
76118
76118
76118
76118
76118
76118
76118
76118
76118
76118
76118
76118
76118
76118
76118
76118
76118
76118
76118
76118
76118
76118
76118
76118
76118
76119
76119
76119
76119
76119
76119
76119
76119
76119
76119
76119
76119
76119
76119
76119
76119
76120
76120
76120
76120
76120
76120
76120
76120
76120
76120
76120
76120
76120
76120
76120
76120
76120
76120
76120
76120
76120
76120
76120
76120
76120
76123
76123
76123
76123
76123
76123
76123
76123
76123
76123
76123
76123
76123
76123
76123
76123
76123
76123
76123
76123
76123
76123
76123
76123
76123
76123
76123
76123
76123
76123
76123
76123
76123
76123
76123
76123
76123
76123
76123
76126
76126
76126
76126
76126
76126
76126
76126
76126
76126
76126
76126
76126
76126
76126
76126
76126
76126
76126
76126
76126
76126
76126
76126
76126
76127
76131
76131
76131
76131
76131
76131
76131
76131
76131
76131
76131
76131
76131
76131
76131
76131
76131
76131
76131
76131
76131
76131
76131
76131
76131
76131
76131
76131
76131
76131
76131
76131
76131
76131
76131
76131
76131
76131
76131
76131
76131
76131
76131
76131
76131
76131
76131
76131
76131
76131
76131
76131
76131
76131
76131
76131
76131
76131
76131
76131
76131
76132
76132
76132
76132
76132
76132
76132
76132
76132
76132
76132
76132
76132
76132
76132
76132
76132
76132
76132
76132
76132
76132
76132
76132
76132
76132
76132
76132
76132
76132
76132
76133
76133
76133
76133
76133
76133
76133
76133
76133
76133
76133
76133
76133
76133
76133
76133
76133
76133
76133
76133
76133
76133
76133
76133
76133
76133
76133
76133
76133
76133
76133
76133
76133
76133
76133
76133
76133
76133
76133
76133
76133
76133
76133
76133
76133
76133
76133
76133
76133
76133
76133
76133
76133
76133
76133
76133
76134
76134
76134
76134
76134
76134
76134
76134
76134
76134
76134
76134
76134
76134
76134
76134
76134
76134
76134
76134
76134
76134
76134
76134
76134
76134
76135
76135
76135
76135
76135
76135
76135
76135
76135
76135
76135
76135
76135
76135
76135
76135
76135
76135
76135
76135
76135
76135
76135
76135
76135
76135
76135
76135
76135
76135
76135
76137
76137
76137
76137
76137
76137
76137
76137
76137
76137
76137
76137
76137
76137
76137
76137
76137
76137
76137
76137
76137
76137
76137
76137
76137
76137
76137
76137
76137
76137
76137
76137
76137
76137
76137
76137
76137
76137
76137
76137
76137
76137
76137
76137
76137
76137
76137
76137
76137
76137
76137
76137
76137
76137
76137
76137
76137
76137
76137
76137
76137
76137
76137
76137
76137
76137
76137
76137
76137
76137
76137
76137
76137
76137
76137
76137
76137
76137
76137
76137
76137
76137
76137
76137
76137
76137
76137
76137
76137
76137
76137
76137
76137
76137
76137
76137
76137
76137
76137
76137
76137
76137
76137
76137
76137
76137
76137
76137
76137
76137
76137
76137
76137
76137
76137
76137
76137
76137
76137
76137
76137
76137
76137
76137
76137
76137
76137
76137
76137
76137
76137
76137
76137
76137
76137
76137
76140
76140
76140
76140
76140
76140
76140
76140
76140
76140
76140
76140
76140
76140
76140
76140
76140
76140
76140
76140
76140
76140
76140
76148
76148
76148
76148
76148
76148
76148
76148
76148
76148
76148
76148
76148
76148
76148
76148
76148
76148
76148
76148
76148
76148
76148
76148
76148
76148
76148
76148
76148
76148
76148
76148
76148
76148
76148
76148
76148
76148
76148
76148
76148
76148
76148
76148
76148
76155
76155
76164
76177
76177
76177
76177
76177
76179
76179
76179
76179
76179
76179
76179
76179
76179
76179
76179
76179
76179
76179
76179
76179
76179
76179
76179
76179
76179
76179
76179
76179
76179
76179
76179
76179
76179
76179
76179
76179
76179
76179
76179
76179
76179
76179
76179
76179
76179
76179
76179
76179
76179
76179
76179
76179
76179
76179
76179
76179
76179
76179
76179
76179
76179
76179
76179
76179
76179
76179
76179
76179
76179
76179
76179
76179
76179
76179
76179
76179
76179
76179
76179
76179
76179
76179
76179
76179
76179
76179
76179
76179
76179
76179
76179
76179
76179
76179
76179
76179
76179
76179
76179
76179
76179
76179
76179
76179
76179
76179
76179
76179
76179
76179
76179
76179
76179
76179
76179
76179
76179
76179
76179
76179
76179
76179
76180
76180
76180
76180
76180
76180
76180
76180
76180
76180
76180
76180
76180
76180
76180
76180
76180
76180
76180
76180
76180
76180
76180
76180
76180
76180
76180
76180
76180
76180
76180
76180
76180
76180
76180
76180
76180
76180
76180
76180
76180
76180
76180
76180
76180
76180
76180
76180
76180
76180
76180
76180
76180
76180
76180
76180
76180
76180
76180
76180
76180
76180
76180
76180
76180
76180
76180
76180
76180
76180
76180
76180
76180
76180
76180
76180
76180
76180
76180
76180
76180
76180
76180
76180
76180
76180
76180
76180
76180
76180
76180
76180
76180
76180
76180
76180
76180
76180
76180
76180
76180
76180
76180
76180
76180
76180
76180
76180
76180
76180
76180
76180
76180
76180
76180
76180
76180
76180
76180
76180
76180
76180
76180
76180
76180
76180
76180
76180
76248
76248
76248
76248
76248
76248
76248
76248
76248
76248
76248
76248
76248
76248
76248
76248
76248
76248
76248
76248
76248
76248
76248
76248
76248
76248
76248
76248
76248
76248
76248
76248
76248
76248
76248
76248
76248
76248
76248
76248
76248
76248
76248
76248
76248
76248
76248
76248
76248
76248
76248
76248
76248
76248
76248
76248
76248
76248
76248
76248
76248
76248
76248
76248
76248
76248
76248
76248
76248
76248
76248
76248
76248
76248
76248
76248
76248
76248
76248
76248
76248
76248
76248
76248
76248
76248
76248
76248
76248
76248
76248
76248
76248
76248
76248
76248
76248
76248
76248
76248
76248
76248
76248
76248
76248
76248
76248
76248
76248
76248
76248
76248
76248
76248
76248
76248
76248
76248
76248
76248
76248
76248
76248
76248
76248
76248
76248
76248
76248
76248
76248
76248
76248
76248
76248
76248
76248
76248
76248
76248
76248
76248
76248
76248
76248
76248
76248
76248
76248
76248
76248
76248
76248
76401
76426
76426
76453
76462
76475
76645