92587
92879
91763
92585
91784
91730
91786
91737
92882
92592
92264
92260
91701
92530
91786
92220
91730
91701
91784
91710
91763
92544
91761
92555
91762
91710
91761
91710
92571
92532
91739
91709
92586
92592
92880
92592
92587
91737
91762
92551
92879
92545
92253
91784
92571
91710
91752
92234
91784
92562
92260
91786
92320
91761
91761
92570
92570
92276
92570
92264
92539
91764
92555
91701
91701
91701
91701
91701
91701
91701
91701
91701
91701
91701
91701
91701
91701
91701
91701
91701
91701
91701
91701
91701
91701
91701
91701
91701
91701
91701
91701
91701
91701
91701
91701
91701
91701
91701
91701
91701
91701
91701
91701
91701
91701
91701
91701
91701
91701
91701
91701
91701
91701
91701
91701
91701
91701
91701
91701
91701
91701
91701
91701
91701
91701
91701
91701
91701
91701
91701
91701
91701
91701
91701
91701
91701
91701
91701
91701
91701
91701
91701
91701
91701
91701
91701
91701
91701
91701
91701
91701
91701
91701
91701
91701
91701
91701
91701
91701
91701
91701
91701
91701
91701
91701
91701
91701
91701
91701
91701
91701
91701
91701
91701
91701
91701
91701
91701
91701
91701
91701
91701
91701
91701
91701
91701
91701
91701
91701
91701
91701
91701
91701
91701
91701
91701
91708
91708
91708
91708
91708
91708
91708
91708
91708
91708
91708
91708
91709
91709
91709
91709
91709
91709
91709
91709
91709
91709
91709
91709
91709
91709
91709
91709
91709
91709
91709
91709
91709
91709
91709
91709
91709
91709
91709
91709
91709
91709
91709
91709
91709
91709
91709
91709
91709
91709
91709
91709
91709
91709
91709
91709
91709
91709
91709
91709
91709
91709
91709
91709
91709
91709
91709
91709
91709
91709
91709
91709
91709
91709
91709
91709
91709
91709
91709
91709
91709
91709
91709
91709
91709
91709
91709
91709
91709
91709
91709
91709
91709
91709
91709
91709
91709
91709
91709
91709
91709
91709
91709
91709
91709
91709
91709
91709
91709
91709
91709
91709
91709
91709
91709
91710
91710
91710
91710
91710
91710
91710
91710
91710
91710
91710
91710
91710
91710
91710
91710
91710
91710
91710
91710
91710
91710
91710
91710
91710
91710
91710
91710
91710
91710
91710
91710
91710
91710
91710
91710
91710
91710
91710
91710
91710
91710
91710
91710
91710
91710
91710
91710
91710
91710
91710
91710
91710
91710
91710
91710
91710
91710
91710
91710
91710
91710
91710
91710
91710
91710
91710
91710
91710
91710
91710
91710
91710
91710
91710
91710
91710
91710
91710
91710
91710
91710
91710
91710
91710
91710
91710
91710
91710
91710
91710
91710
91710
91710
91710
91710
91730
91730
91730
91730
91730
91730
91730
91730
91730
91730
91730
91730
91730
91730
91730
91730
91730
91730
91730
91730
91730
91730
91730
91730
91730
91730
91730
91730
91730
91730
91730
91730
91730
91730
91730
91730
91730
91730
91730
91730
91730
91730
91730
91730
91730
91730
91730
91730
91730
91730
91730
91730
91730
91730
91730
91730
91730
91730
91730
91730
91730
91730
91730
91730
91730
91730
91730
91730
91730
91730
91730
91730
91730
91730
91730
91730
91730
91730
91730
91730
91730
91730
91730
91730
91730
91730
91730
91730
91730
91730
91730
91730
91730
91730
91730
91730
91730
91737
91737
91737
91737
91737
91737
91737
91737
91737
91737
91737
91737
91737
91737
91737
91737
91737
91737
91737
91737
91737
91737
91737
91737
91737
91737
91737
91737
91737
91737
91737
91737
91737
91737
91737
91737
91737
91737
91737
91737
91737
91737
91737
91737
91737
91737
91737
91737
91737
91737
91737
91737
91737
91737
91737
91737
91737
91737
91737
91737
91737
91739
91739
91739
91739
91739
91739
91739
91739
91739
91739
91739
91739
91739
91739
91739
91739
91739
91739
91739
91739
91739
91739
91739
91739
91739
91739
91739
91739
91739
91739
91739
91739
91739
91739
91739
91739
91739
91739
91739
91739
91739
91739
91739
91739
91739
91739
91739
91739
91739
91739
91739
91739
91739
91739
91739
91739
91739
91739
91739
91752
91752
91752
91752
91752
91752
91752
91752
91752
91752
91752
91752
91752
91752
91752
91752
91752
91752
91752
91752
91752
91752
91752
91752
91759
91761
91761
91761
91761
91761
91761
91761
91761
91761
91761
91761
91761
91761
91761
91761
91761
91761
91761
91761
91761
91761
91761
91761
91761
91761
91761
91761
91761
91761
91761
91761
91761
91761
91761
91761
91761
91761
91761
91761
91761
91761
91761
91761
91761
91761
91761
91761
91761
91762
91762
91762
91762
91762
91762
91762
91762
91762
91762
91762
91762
91762
91762
91762
91762
91762
91762
91762
91762
91762
91762
91762
91762
91762
91762
91762
91762
91762
91762
91762
91762
91762
91762
91762
91762
91762
91762
91762
91762
91762
91762
91762
91762
91762
91762
91762
91762
91762
91762
91762
91762
91762
91762
91762
91762
91762
91762
91762
91762
91762
91762
91763
91763
91763
91763
91763
91763
91763
91763
91763
91763
91763
91763
91763
91763
91763
91763
91763
91763
91763
91763
91763
91764
91764
91764
91764
91764
91764
91764
91764
91764
91764
91764
91764
91764
91764
91764
91764
91764
91764
91764
91764
91764
91764
91764
91764
91764
91764
91764
91764
91764
91764
91764
91784
91784
91784
91784
91784
91784
91784
91784
91784
91784
91784
91784
91784
91784
91784
91784
91784
91784
91784
91784
91784
91784
91784
91784
91784
91784
91784
91784
91784
91784
91784
91784
91784
91784
91784
91784
91784
91784
91784
91784
91784
91784
91784
91784
91784
91784
91784
91784
91784
91784
91784
91784
91784
91784
91784
91784
91784
91784
91784
91784
91784
91784
91784
91784
91784
91784
91784
91784
91784
91784
91784
91784
91784
91784
91784
91784
91784
91784
91784
91784
91784
91784
91784
91784
91784
91784
91784
91784
91784
91784
91784
91784
91784
91784
91784
91784
91784
91784
91784
91784
91784
91784
91786
91786
91786
91786
91786
91786
91786
91786
91786
91786
91786
91786
91786
91786
91786
91786
91786
91786
91786
91786
91786
91786
91786
91786
91786
91786
91786
91786
91786
91786
91786
91786
91786
91786
91786
91786
91786
91786
91786
91786
91786
91786
91786
91786
91786
91786
91786
91786
91786
91786
91786
91786
91786
91786
91786
91786
91786
91786
91786
91786
91786
91786
91786
91786
91786
91786
91786
91786
91786
91786
91786
91786
91786
91786
91786
91786
91786
91786
91786
91786
91786
91786
91786
91786
91786
91786
91786
91786
91786
91786
91786
91786
91786
91786
91786
91786
91786
91786
91786
91786
91786
91786
91786
91786
91786
91786
92201
92201
92201
92201
92201
92203
92203
92203
92203
92203
92203
92203
92203
92203
92203
92203
92210
92211
92211
92211
92211
92211
92211
92211
92211
92211
92220
92220
92220
92220
92220
92220
92220
92220
92220
92220
92220
92220
92220
92220
92220
92220
92220
92220
92223
92223
92223
92223
92223
92223
92223
92223
92223
92223
92223
92223
92223
92223
92223
92223
92223
92223
92223
92223
92223
92223
92225
92230
92230
92234
92234
92234
92234
92234
92234
92234
92234
92236
92240
92240
92241
92241
92241
92241
92241
92241
92253
92253
92253
92253
92253
92253
92253
92253
92253
92253
92254
92254
92260
92260
92260
92260
92260
92262
92262
92262
92262
92262
92262
92262
92262
92262
92264
92264
92264
92264
92270
92270
92270
92270
92270
92270
92276
92276
92320
92320
92320
92320
92320
92320
92320
92320
92530
92530
92530
92530
92530
92530
92530
92530
92530
92530
92530
92530
92530
92530
92530
92530
92530
92530
92530
92530
92530
92530
92530
92530
92530
92530
92530
92532
92532
92532
92532
92532
92532
92532
92532
92532
92532
92532
92532
92532
92532
92532
92532
92532
92539
92543
92543
92543
92543
92543
92544
92544
92544
92544
92544
92544
92544
92544
92544
92544
92544
92544
92544
92544
92544
92544
92544
92544
92544
92544
92544
92544
92545
92545
92545
92545
92545
92545
92545
92545
92545
92545
92545
92545
92545
92548
92548
92549
92549
92551
92551
92551
92551
92551
92551
92551
92551
92551
92551
92553
92553
92553
92553
92553
92553
92553
92553
92553
92553
92553
92553
92553
92553
92555
92555
92555
92555
92555
92555
92555
92555
92555
92555
92555
92555
92555
92555
92555
92555
92555
92562
92562
92562
92562
92562
92562
92562
92562
92562
92562
92562
92562
92562
92562
92562
92562
92562
92562
92562
92562
92562
92562
92562
92562
92562
92562
92562
92562
92562
92562
92562
92562
92562
92562
92562
92562
92562
92562
92562
92562
92562
92562
92562
92562
92562
92562
92562
92562
92562
92562
92562
92562
92562
92562
92562
92562
92562
92562
92562
92562
92562
92562
92562
92562
92562
92563
92563
92563
92563
92563
92563
92563
92563
92563
92563
92563
92563
92563
92563
92563
92563
92563
92563
92563
92563
92563
92563
92563
92563
92563
92563
92563
92563
92563
92563
92563
92563
92563
92563
92563
92563
92563
92563
92563
92563
92563
92563
92563
92563
92563
92563
92563
92567
92567
92567
92567
92567
92567
92567
92567
92567
92570
92570
92570
92570
92570
92570
92570
92570
92570
92570
92570
92570
92570
92571
92571
92571
92571
92571
92571
92571
92571
92582
92582
92582
92582
92582
92582
92582
92582
92583
92583
92583
92583
92583
92583
92583
92583
92584
92584
92584
92584
92584
92584
92584
92584
92584
92584
92584
92584
92584
92584
92584
92584
92584
92584
92584
92584
92584
92584
92584
92584
92584
92584
92584
92584
92584
92584
92584
92584
92584
92584
92584
92584
92584
92585
92585
92585
92585
92585
92585
92585
92585
92585
92586
92586
92586
92586
92586
92586
92586
92586
92586
92586
92586
92586
92586
92586
92586
92586
92586
92586
92586
92586
92586
92586
92586
92586
92586
92586
92586
92586
92587
92587
92587
92587
92587
92587
92587
92587
92587
92587
92587
92587
92587
92587
92587
92587
92587
92587
92587
92587
92587
92590
92590
92591
92591
92591
92591
92591
92591
92591
92591
92591
92591
92591
92591
92591
92591
92591
92591
92591
92591
92591
92591
92591
92591
92591
92591
92591
92591
92591
92591
92591
92591
92591
92591
92591
92592
92592
92592
92592
92592
92592
92592
92592
92592
92592
92592
92592
92592
92592
92592
92592
92592
92592
92592
92592
92592
92592
92592
92592
92592
92592
92592
92592
92592
92592
92592
92592
92592
92592
92592
92592
92592
92592
92592
92592
92592
92592
92592
92592
92592
92592
92592
92592
92592
92592
92592
92592
92592
92592
92592
92592
92592
92592
92595
92595
92595
92595
92595
92595
92595
92595
92595
92595
92595
92595
92595
92595
92595
92595
92595
92595
92595
92595
92595
92595
92595
92595
92595
92595
92595
92595
92595
92596
92596
92596
92596
92596
92596
92596
92596
92596
92596
92596
92860
92860
92860
92860
92860
92860
92860
92860
92860
92860
92860
92860
92860
92860
92860
92860
92860
92860
92860
92860
92860
92860
92860
92860
92860
92860
92860
92879
92879
92879
92879
92879
92879
92879
92879
92879
92879
92879
92879
92879
92879
92879
92879
92879
92879
92879
92879
92879
92879
92879
92879
92879
92879
92879
92879
92879
92879
92879
92879
92879
92879
92879
92879
92879
92879
92879
92879
92879
92879
92879
92879
92879
92879
92879
92879
92879
92879
92880
92880
92880
92880
92880
92880
92880
92880
92880
92880
92880
92880
92880
92880
92880
92880
92880
92880
92880
92880
92880
92880
92880
92880
92880
92880
92880
92880
92880
92880
92880
92880
92880
92880
92880
92880
92880
92880
92880
92880
92880
92880
92880
92880
92880
92880
92880
92880
92880
92880
92880
92880
92880
92880
92880
92880
92880
92880
92880
92880
92880
92880
92880
92880
92880
92881
92881
92881
92881
92881
92881
92881
92881
92881
92881
92881
92881
92881
92881
92881
92881
92881
92881
92881
92881
92881
92881
92881
92881
92881
92881
92881
92881
92881
92881
92881
92881
92881
92881
92881
92881
92881
92881
92881
92881
92881
92881
92881
92881
92881
92881
92881
92881
92881
92881
92881
92881
92881
92881
92881
92881
92881
92881
92881
92881
92881
92881
92881
92881
92881
92881
92881
92881
92881
92881
92881
92881
92882
92882
92882
92882
92882
92882
92882
92882
92882
92882
92882
92882
92882
92882
92882
92882
92882
92882
92882
92882
92882
92882
92882
92882
92882
92882
92882
92882
92882
92882
92882
92882
92882
92882
92882
92882
92882
92882
92882
92882
92882
92882
92882
92882
92882
92882
92882
92882
92882
92882
92882
92882
92882
92882
92882
92882
92882
92882
92882
92882
92882
92882
92882
92882
92882
92882
92882
92882
92882
92882
92882
92882
92882
92882
92882
92882
92882
92882
92882
92882
92882
92882
92882
92882
92882
92882
92882
92882
92882
92882
92882
92882
92882
92882
92882
92882
92882
92882
92882
92882
92882
92882
92882
92882
92882
92882
92882
92882
92882
92882
92882
92882
92882
92882
92882
92882
92882
92882
92882
92882
92882
92882
92882
92882
92882
92882
92882
92882
92882
92882
92882
92882
92882
92882
92882
92882
92882
92882
92882
92882
92883
92883
92883
92883
92883
92883
92883
92883
92883
92883
92883
92883
92883
92883
92883
92883
92883
92883
92883
92883
92883
92883
92883
92883
92883
92883
92883
92883
92883
92883
92883
92883
92883
92883
92883
92883
92883
92883
92883
92883
92883
92883
92883
92883
92883
92883
92883
92883
92883
92883
92883
92883
92883
92883
92883
92883
92883
92883
92883