92503
92509
92509
92377
92506
92507
92317
92256
92404
92501
92354
92506
92352
92324
92337
92507
92324
92399
92557
92324
92373
92509
92324
92507
92507
92507
92325
92324
92504
92335
92407
92505
92325
92325
92336
92336
92504
92508
92308
92507
92321
92336
92503
92352
92336
92374
92308
92397
92377
92252
92252
92252
92256
92277
92277
92284
92284
92284
92284
92301
92301
92301
92307
92307
92307
92307
92307
92308
92308
92308
92308
92308
92308
92308
92308
92308
92308
92308
92308
92311
92311
92311
92313
92313
92313
92313
92313
92313
92313
92313
92313
92313
92313
92313
92313
92313
92314
92314
92315
92315
92315
92315
92316
92316
92316
92316
92316
92316
92316
92317
92317
92317
92317
92317
92324
92324
92324
92324
92324
92324
92324
92324
92324
92324
92324
92324
92324
92324
92324
92324
92324
92324
92324
92325
92325
92325
92325
92325
92325
92325
92335
92335
92335
92335
92335
92335
92335
92335
92335
92335
92335
92335
92335
92335
92335
92335
92335
92335
92335
92336
92336
92336
92336
92336
92336
92336
92336
92336
92336
92336
92336
92336
92336
92336
92336
92336
92336
92336
92336
92336
92336
92336
92336
92336
92336
92336
92336
92336
92336
92336
92336
92336
92336
92336
92336
92336
92336
92336
92336
92336
92336
92336
92336
92336
92336
92336
92336
92336
92336
92336
92336
92336
92336
92336
92336
92336
92336
92336
92336
92336
92336
92336
92336
92336
92336
92336
92336
92336
92337
92337
92337
92337
92337
92337
92337
92337
92337
92337
92337
92337
92337
92337
92337
92344
92344
92344
92345
92345
92345
92345
92345
92345
92345
92345
92345
92345
92345
92345
92345
92345
92346
92346
92346
92346
92346
92346
92346
92346
92346
92346
92346
92346
92346
92346
92346
92346
92346
92346
92346
92346
92346
92346
92346
92346
92346
92346
92346
92346
92346
92346
92346
92346
92346
92352
92352
92352
92354
92354
92354
92354
92354
92354
92354
92354
92354
92358
92359
92359
92359
92359
92371
92371
92372
92372
92372
92373
92373
92373
92373
92373
92373
92373
92373
92373
92373
92373
92373
92373
92373
92373
92373
92373
92373
92373
92373
92373
92373
92373
92373
92373
92373
92373
92373
92373
92373
92373
92373
92373
92373
92373
92374
92374
92374
92374
92374
92374
92374
92374
92374
92374
92374
92374
92374
92374
92374
92374
92374
92374
92374
92374
92374
92374
92374
92374
92374
92374
92376
92376
92376
92376
92376
92376
92376
92376
92376
92376
92376
92376
92376
92376
92377
92377
92377
92377
92377
92377
92377
92377
92377
92377
92377
92377
92377
92377
92377
92377
92377
92382
92382
92382
92382
92392
92392
92392
92392
92392
92395
92395
92395
92395
92395
92397
92399
92399
92399
92399
92399
92399
92399
92399
92399
92399
92399
92399
92399
92399
92399
92399
92399
92399
92399
92399
92399
92399
92399
92399
92399
92399
92399
92399
92399
92399
92401
92404
92404
92404
92404
92404
92404
92404
92404
92404
92404
92404
92404
92404
92404
92404
92404
92404
92404
92404
92404
92404
92405
92405
92405
92405
92405
92405
92405
92407
92407
92407
92407
92407
92407
92407
92407
92407
92407
92407
92407
92407
92407
92407
92407
92407
92407
92407
92407
92408
92408
92408
92408
92408
92408
92408
92408
92410
92410
92410
92410
92411
92411
92411
92501
92501
92501
92501
92501
92501
92501
92501
92501
92501
92501
92503
92503
92503
92503
92503
92503
92503
92503
92503
92503
92503
92503
92503
92503
92503
92503
92503
92503
92503
92503
92503
92503
92503
92503
92503
92503
92503
92503
92503
92503
92503
92503
92503
92503
92503
92503
92503
92503
92503
92503
92503
92503
92503
92503
92503
92503
92503
92503
92503
92503
92503
92503
92503
92503
92503
92503
92503
92503
92503
92503
92503
92503
92503
92503
92503
92503
92503
92503
92503
92503
92503
92503
92503
92503
92503
92503
92503
92503
92503
92503
92503
92503
92504
92504
92504
92504
92504
92504
92504
92504
92504
92504
92504
92504
92504
92504
92504
92504
92504
92504
92504
92504
92504
92504
92504
92504
92504
92504
92504
92504
92504
92504
92504
92504
92504
92504
92504
92504
92504
92504
92504
92504
92504
92504
92504
92504
92504
92504
92505
92505
92505
92505
92505
92505
92505
92505
92505
92505
92505
92505
92505
92505
92505
92505
92505
92505
92505
92505
92505
92505
92505
92505
92505
92505
92505
92505
92505
92505
92505
92505
92505
92506
92506
92506
92506
92506
92506
92506
92506
92506
92506
92506
92506
92506
92506
92506
92506
92506
92506
92506
92506
92506
92506
92506
92506
92506
92506
92506
92506
92506
92506
92506
92506
92506
92506
92506
92506
92506
92506
92506
92506
92506
92506
92506
92506
92506
92506
92506
92506
92506
92506
92506
92506
92506
92506
92506
92506
92506
92506
92506
92506
92506
92506
92506
92506
92506
92506
92506
92506
92506
92506
92506
92506
92506
92506
92506
92506
92506
92506
92506
92506
92506
92506
92506
92506
92506
92506
92506
92506
92506
92506
92506
92506
92506
92506
92506
92506
92506
92507
92507
92507
92507
92507
92507
92507
92507
92507
92507
92507
92507
92507
92507
92507
92507
92507
92507
92507
92507
92507
92507
92507
92507
92507
92507
92507
92507
92507
92507
92507
92507
92507
92507
92507
92507
92507
92507
92508
92508
92508
92508
92508
92508
92508
92508
92508
92508
92508
92508
92508
92508
92508
92508
92508
92508
92508
92508
92508
92508
92508
92508
92508
92508
92508
92508
92508
92508
92508
92508
92508
92508
92508
92508
92508
92508
92508
92509
92509
92509
92509
92509
92509
92509
92509
92509
92509
92509
92509
92509
92509
92509
92509
92509
92509
92509
92509
92509
92509
92509
92509
92509
92509
92509
92509
92509
92509
92509
92509
92509
92509
92509
92509
92509
92509
92509
92509
92509
92509
92509
92509
92509
92509
92509
92509
92557
92557
92557
92557
92557
92557
92557
92557
92557
92557
92557
92557
92557
92557
92557
92557
92557
92557
92557
92557
92557
92557
92557
92557
92557
92557
92557
92557