90066
91390
90265
91040
91311
91364
93551
91040
91202
91355
91326
91205
90066
90250
90278
91401
91016
91001
91711
91775
90047
91001
91342
91343
90232
91326
90292
91506
90245
90066
90034
91405
90045
91505
91711
90027
91605
91711
90232
90019
91770
91001
90064
90019
91724
91364
91364
91342
90032
90254
91741
91320
91016
91731
91326
90250
90405
90254
90045
91506
91423
91356
90278
91723
90250
90041
91361
90062
93065
91741
91755
91011
90211
90034
91304
90063
90403
93012
90210
91780
91202
90046
90015
91354
90066
90066
90065
91302
90018
91344
93012
91401
91436
90504
90403
91016
91311
91733
91356
91214
91387
91711
90230
91740
91750
91321
91324
91367
91016
91741
93010
90035
91731
90403
90278
91770
91377
91311
90046
90004
91010
91740
93003
90212
91316
91306
91326
90212
93063
91108
90250
93010
90046
90069
93060
91108
90007
91325
91741
90019
90266
91360
91740
90232
90019
91214
91390
91007
90230
91321
90254
90066
91311
91602
91010
90045
91316
90044
91326
90024
90024
91202
93035
90041
93065
91406
91406
90232
90027
91107
91606
90044
90066
90292
93012
91351
91311
91367
90043
90043
91770
91301
90064
93010
91601
91506
90212
91011
90048
93010
93036
90245
91307
90247
91741
90504
90504
90211
91722
91602
90049
91367
91301
90001
90001
90001
90001
90002
90002
90002
90002
90002
90003
90003
90003
90004
90004
90004
90004
90004
90004
90005
90005
90005
90006
90007
90007
90007
90007
90007
90007
90008
90008
90008
90008
90008
90008
90008
90008
90008
90008
90008
90008
90010
90011
90011
90011
90013
90013
90015
90015
90015
90015
90016
90016
90016
90016
90016
90016
90016
90016
90016
90016
90016
90016
90016
90016
90016
90016
90016
90016
90016
90016
90017
90017
90017
90017
90017
90017
90018
90018
90018
90018
90018
90018
90019
90019
90019
90019
90019
90019
90019
90019
90019
90019
90019
90019
90019
90019
90019
90019
90019
90019
90019
90019
90019
90019
90019
90019
90019
90019
90020
90020
90020
90020
90020
90020
90020
90020
90022
90022
90022
90022
90022
90022
90023
90023
90024
90024
90024
90024
90024
90024
90024
90024
90024
90024
90024
90024
90024
90024
90024
90024
90024
90024
90024
90024
90024
90024
90024
90024
90024
90024
90024
90024
90024
90024
90024
90025
90025
90025
90025
90025
90025
90025
90025
90025
90025
90025
90025
90025
90025
90025
90025
90025
90025
90025
90025
90025
90025
90025
90025
90025
90025
90025
90025
90025
90025
90025
90025
90025
90025
90025
90025
90025
90025
90025
90025
90025
90025
90025
90025
90025
90025
90025
90025
90025
90025
90025
90025
90026
90026
90026
90026
90026
90026
90026
90026
90026
90026
90026
90026
90027
90027
90027
90027
90027
90027
90027
90027
90027
90027
90027
90027
90027
90027
90027
90028
90028
90028
90028
90028
90028
90028
90028
90028
90028
90029
90029
90029
90031
90031
90031
90031
90031
90031
90031
90031
90031
90032
90032
90032
90032
90032
90032
90032
90032
90032
90032
90033
90034
90034
90034
90034
90034
90034
90034
90034
90034
90034
90034
90034
90034
90034
90034
90034
90034
90034
90034
90034
90034
90034
90034
90034
90034
90034
90034
90034
90034
90034
90034
90034
90034
90034
90034
90034
90034
90034
90034
90034
90034
90034
90034
90034
90034
90034
90034
90034
90034
90034
90034
90034
90034
90034
90034
90034
90034
90034
90034
90034
90034
90034
90034
90034
90034
90034
90034
90034
90034
90034
90034
90034
90034
90034
90035
90035
90035
90035
90035
90035
90035
90035
90035
90035
90035
90035
90035
90035
90035
90035
90035
90035
90035
90035
90035
90035
90035
90035
90035
90035
90035
90035
90035
90035
90035
90035
90035
90035
90035
90035
90035
90035
90035
90035
90035
90035
90035
90036
90036
90036
90036
90036
90036
90036
90036
90036
90036
90036
90036
90036
90036
90036
90036
90036
90036
90036
90036
90036
90036
90036
90036
90036
90036
90036
90036
90036
90037
90037
90037
90037
90038
90038
90038
90038
90038
90038
90038
90038
90038
90039
90039
90039
90039
90039
90039
90039
90039
90039
90039
90039
90039
90041
90041
90041
90041
90041
90041
90041
90041
90041
90041
90041
90042
90042
90042
90042
90042
90042
90042
90042
90042
90042
90042
90042
90042
90042
90043
90043
90043
90043
90043
90043
90043
90043
90043
90043
90043
90043
90043
90044
90044
90044
90044
90044
90044
90044
90044
90044
90044
90044
90045
90045
90045
90045
90045
90045
90045
90045
90045
90045
90045
90045
90045
90045
90045
90045
90045
90045
90045
90045
90045
90045
90045
90045
90045
90045
90045
90045
90045
90045
90045
90045
90045
90045
90045
90045
90045
90045
90045
90045
90045
90045
90045
90045
90045
90045
90045
90045
90045
90045
90045
90045
90045
90045
90045
90045
90045
90045
90045
90045
90045
90045
90045
90045
90045
90045
90045
90045
90045
90045
90045
90045
90045
90045
90045
90045
90045
90045
90045
90045
90045
90045
90045
90045
90045
90045
90046
90046
90046
90046
90046
90046
90046
90046
90046
90046
90046
90046
90046
90046
90046
90046
90046
90046
90046
90046
90046
90046
90046
90046
90046
90046
90046
90046
90046
90046
90046
90046
90046
90046
90046
90046
90046
90046
90046
90046
90046
90047
90047
90047
90047
90047
90047
90047
90048
90048
90048
90048
90048
90048
90048
90048
90048
90048
90048
90048
90048
90048
90048
90048
90048
90048
90048
90048
90048
90048
90048
90048
90048
90048
90048
90048
90048
90048
90048
90048
90048
90048
90048
90049
90049
90049
90049
90049
90049
90049
90049
90049
90049
90049
90049
90049
90049
90049
90049
90049
90049
90049
90049
90049
90049
90049
90049
90049
90049
90049
90049
90049
90049
90049
90049
90049
90049
90049
90049
90049
90049
90049
90049
90056
90056
90056
90056
90056
90056
90056
90056
90056
90056
90056
90056
90056
90056
90056
90057
90057
90058
90059
90059
90059
90061
90061
90061
90061
90061
90061
90061
90062
90062
90062
90062
90063
90063
90063
90063
90063
90063
90063
90064
90064
90064
90064
90064
90064
90064
90064
90064
90064
90064
90064
90064
90064
90064
90064
90064
90064
90064
90064
90064
90064
90064
90064
90064
90064
90064
90064
90064
90064
90064
90064
90064
90064
90064
90064
90064
90064
90064
90064
90064
90064
90064
90064
90064
90064
90064
90064
90064
90064
90064
90064
90064
90065
90065
90065
90065
90065
90065
90065
90065
90065
90065
90065
90065
90065
90065
90065
90066
90066
90066
90066
90066
90066
90066
90066
90066
90066
90066
90066
90066
90066
90066
90066
90066
90066
90066
90066
90066
90066
90066
90066
90066
90066
90066
90066
90066
90066
90066
90066
90066
90066
90066
90066
90066
90066
90066
90066
90066
90066
90066
90066
90066
90066
90066
90066
90066
90066
90066
90066
90066
90066
90066
90066
90066
90066
90066
90066
90066
90066
90066
90066
90066
90066
90066
90066
90066
90066
90066
90066
90066
90066
90066
90066
90066
90066
90066
90066
90066
90066
90066
90066
90066
90066
90066
90067
90067
90067
90067
90067
90068
90068
90068
90068
90068
90068
90068
90068
90068
90068
90068
90068
90068
90068
90068
90068
90069
90069
90069
90069
90069
90069
90069
90069
90069
90069
90069
90069
90069
90069
90069
90069
90069
90069
90069
90069
90069
90069
90069
90069
90077
90077
90077
90077
90077
90077
90077
90077
90077
90077
90077
90077
90077
90077
90077
90077
90077
90077
90094
90094
90094
90095
90201
90201
90201
90201
90201
90201
90201
90201
90201
90201
90210
90210
90210
90210
90210
90210
90210
90210
90210
90210
90210
90210
90210
90210
90210
90210
90211
90211
90211
90211
90211
90211
90211
90211
90211
90212
90212
90212
90212
90212
90212
90212
90212
90212
90212
90212
90212
90212
90212
90212
90212
90212
90212
90212
90212
90212
90212
90212
90212
90212
90212
90212
90230
90230
90230
90230
90230
90230
90230
90230
90230
90230
90230
90230
90230
90230
90230
90230
90230
90230
90230
90230
90230
90230
90230
90230
90230
90230
90230
90230
90230
90230
90230
90230
90230
90230
90230
90230
90230
90230
90230
90230
90230
90230
90230
90230
90230
90230
90230
90230
90230
90230
90230
90230
90230
90230
90230
90230
90230
90230
90230
90230
90230
90230
90230
90232
90232
90232
90232
90232
90232
90232
90232
90232
90232
90232
90232
90232
90232
90232
90232
90232
90245
90245
90245
90245
90245
90245
90245
90245
90245
90245
90245
90245
90245
90245
90245
90245
90245
90245
90245
90245
90245
90245
90245
90245
90245
90245
90245
90245
90245
90245
90245
90245
90245
90245
90245
90245
90245
90245
90245
90245
90245
90245
90247
90247
90247
90247
90247
90247
90247
90247
90247
90247
90247
90247
90247
90247
90247
90247
90247
90247
90247
90247
90247
90247
90248
90248
90248
90248
90248
90248
90248
90248
90248
90248
90249
90249
90249
90249
90249
90249
90249
90249
90249
90249
90249
90249
90249
90249
90249
90249
90249
90249
90249
90250
90250
90250
90250
90250
90250
90250
90250
90250
90250
90250
90250
90250
90250
90250
90250
90250
90250
90250
90250
90250
90250
90250
90250
90250
90250
90250
90250
90250
90250
90250
90250
90250
90250
90250
90250
90250
90250
90254
90254
90254
90254
90254
90254
90254
90254
90254
90254
90254
90254
90254
90254
90254
90254
90254
90254
90254
90254
90254
90254
90254
90254
90254
90254
90254
90254
90254
90254
90254
90254
90254
90254
90254
90254
90254
90254
90254
90254
90254
90254
90254
90254
90254
90254
90254
90254
90254
90254
90254
90254
90255
90255
90255
90260
90260
90260
90260
90260
90260
90260
90260
90260
90260
90260
90260
90260
90260
90260
90260
90260
90263
90265
90265
90265
90265
90265
90265
90265
90265
90266
90266
90266
90266
90266
90266
90266
90266
90266
90266
90266
90266
90266
90266
90266
90266
90266
90266
90266
90266
90266
90266
90266
90266
90266
90266
90266
90266
90266
90266
90266
90266
90266
90266
90266
90266
90266
90266
90266
90266
90266
90266
90266
90266
90266
90266
90266
90266
90266
90266
90266
90266
90266
90266
90266
90266
90266
90266
90266
90266
90266
90266
90266
90266
90266
90266
90266
90266
90266
90266
90270
90270
90270
90270
90270
90270
90272
90272
90272
90272
90272
90272
90272
90272
90272
90272
90272
90272
90272
90272
90272
90272
90272
90272
90272
90272
90272
90272
90272
90278
90278
90278
90278
90278
90278
90278
90278
90278
90278
90278
90278
90278
90278
90278
90278
90278
90278
90278
90278
90278
90278
90278
90278
90278
90278
90278
90278
90278
90278
90278
90278
90278
90278
90278
90278
90278
90278
90278
90278
90278
90278
90278
90278
90278
90278
90278
90278
90278
90278
90278
90278
90278
90278
90278
90278
90278
90278
90278
90278
90278
90278
90278
90278
90278
90278
90278
90278
90278
90278
90278
90278
90278
90278
90278
90278
90278
90278
90278
90278
90278
90278
90278
90278
90278
90280
90280
90280
90280
90280
90280
90280
90280
90280
90290
90290
90290
90290
90290
90290
90291
90291
90291
90291
90291
90291
90291
90291
90291
90291
90291
90291
90291
90291
90291
90291
90291
90291
90291
90291
90291
90291
90291
90291
90292
90292
90292
90292
90292
90292
90292
90292
90292
90292
90292
90292
90292
90292
90292
90292
90292
90292
90292
90292
90292
90292
90292
90292
90292
90292
90292
90292
90292
90292
90292
90292
90292
90293
90293
90293
90293
90293
90293
90293
90293
90293
90293
90293
90293
90293
90293
90293
90293
90293
90293
90293
90293
90293
90293
90293
90293
90293
90293
90293
90293
90293
90293
90293
90293
90293
90293
90293
90301
90301
90301
90301
90301
90301
90301
90301
90301
90302
90302
90302
90302
90302
90302
90302
90303
90303
90303
90303
90304
90304
90304
90304
90305
90305
90305
90305
90305
90305
90401
90401
90401
90401
90401
90401
90402
90402
90402
90402
90402
90402
90402
90402
90403
90403
90403
90403
90403
90403
90403
90403
90403
90403
90403
90403
90403
90403
90403
90403
90403
90403
90403
90403
90403
90403
90403
90403
90403
90404
90404
90404
90404
90404
90404
90404
90404
90404
90404
90404
90404
90404
90404
90404
90404
90404
90404
90404
90404
90404
90404
90404
90404
90404
90404
90404
90404
90404
90404
90405
90405
90405
90405
90405
90405
90405
90405
90405
90405
90405
90405
90405
90405
90405
90405
90405
90405
90405
90405
90405
90405
90405
90405
90405
90405
90405
90405
90405
90405
90405
90405
90405
90405
90405
90405
90504
90504
90504
90504
90504
90504
90504
90504
90504
90504
90504
90504
90504
90504
90504
90504
90504
90504
90504
90504
90504
90504
90504
90504
90504
90504
90504
90504
90504
90504
90504
90504
90504
90504
90504
90504
90504
90504
90504
90504
90504
90504
90504
90504
90504
90504
90504
90504
90504
90504
90504
90504
90504
90504
90504
90504
90504
90504
90504
90504
90504
90504
90640
90640
90640
90640
90640
90640
90640
90640
90640
90640
90640
90640
90640
90640
90640
91001
91001
91001
91001
91001
91001
91001
91001
91001
91001
91001
91001
91001
91001
91001
91001
91001
91001
91001
91001
91001
91001
91001
91001
91001
91001
91001
91006
91006
91006
91006
91006
91006
91006
91006
91006
91006
91006
91006
91006
91006
91006
91006
91006
91006
91006
91006
91006
91006
91006
91006
91006
91006
91006
91006
91006
91006
91006
91006
91006
91006
91006
91006
91006
91006
91006
91006
91006
91006
91006
91006
91006
91006
91006
91006
91006
91006
91006
91006
91007
91007
91007
91007
91007
91007
91007
91007
91007
91007
91007
91007
91007
91007
91007
91007
91007
91007
91007
91007
91007
91007
91007
91007
91007
91007
91007
91007
91007
91007
91007
91007
91007
91007
91007
91007
91007
91007
91007
91007
91007
91007
91007
91007
91007
91007
91007
91007
91007
91007
91007
91007
91008
91008
91010
91010
91010
91010
91010
91010
91010
91010
91010
91010
91010
91010
91010
91010
91010
91010
91010
91010
91010
91010
91010
91010
91010
91010
91011
91011
91011
91011
91011
91011
91011
91011
91011
91011
91011
91011
91011
91011
91011
91011
91011
91011
91016
91016
91016
91016
91016
91016
91016
91016
91016
91016
91016
91016
91016
91016
91016
91016
91016
91016
91016
91016
91016
91016
91016
91016
91016
91016
91016
91016
91016
91016
91016
91016
91016
91016
91016
91016
91016
91016
91016
91016
91016
91016
91016
91016
91016
91016
91016
91016
91016
91016
91016
91016
91016
91016
91016
91016
91016
91016
91016
91016
91016
91016
91016
91016
91016
91016
91016
91016
91020
91020
91020
91020
91020
91020
91020
91020
91020
91024
91024
91024
91024
91024
91024
91024
91024
91024
91024
91024
91024
91024
91024
91024
91024
91024
91024
91024
91024
91024
91024
91024
91030
91030
91030
91030
91030
91030
91030
91030
91030
91030
91030
91030
91030
91030
91030
91030
91030
91030
91030
91030
91030
91030
91030
91030
91030
91030
91030
91030
91030
91030
91030
91040
91040
91040
91040
91040
91040
91040
91040
91040
91040
91040
91042
91042
91042
91042
91042
91042
91042
91042
91042
91042
91042
91101
91101
91101
91101
91101
91101
91101
91101
91101
91101
91101
91101
91101
91101
91101
91101
91103
91103
91103
91103
91103
91103
91103
91103
91103
91103
91103
91104
91104
91104
91104
91104
91104
91104
91104
91104
91104
91104
91104
91104
91104
91104
91104
91104
91104
91104
91104
91104
91104
91104
91104
91104
91104
91104
91104
91104
91104
91104
91104
91104
91104
91105
91105
91105
91105
91105
91105
91105
91105
91105
91105
91105
91105
91105
91105
91105
91105
91106
91106
91106
91106
91106
91106
91106
91106
91106
91106
91106
91106
91106
91106
91106
91106
91106
91106
91106
91107
91107
91107
91107
91107
91107
91107
91107
91107
91107
91107
91107
91107
91107
91107
91107
91107
91107
91107
91107
91107
91107
91107
91107
91107
91107
91107
91107
91107
91107
91107
91107
91107
91107
91107
91107
91107
91107
91107
91107
91107
91107
91107
91107
91107
91107
91107
91107
91107
91108
91108
91108
91108
91108
91108
91108
91108
91108
91108
91108
91108
91108
91108
91108
91108
91108
91108
91201
91201
91201
91201
91201
91201
91201
91201
91201
91202
91202
91202
91202
91202
91202
91202
91202
91202
91203
91203
91203
91203
91203
91203
91203
91203
91204
91205
91205
91205
91205
91205
91206
91206
91206
91206
91206
91206
91206
91206
91206
91206
91206
91206
91206
91206
91206
91206
91206
91206
91206
91207
91207
91207
91207
91207
91208
91208
91208
91208
91208
91208
91208
91208
91208
91208
91208
91208
91208
91208
91208
91208
91208
91208
91214
91214
91214
91214
91214
91214
91214
91214
91214
91214
91214
91214
91214
91214
91214
91214
91214
91214
91214
91214
91214
91214
91214
91214
91214
91214
91214
91214
91214
91214
91214
91214
91214
91214
91214
91214
91214
91214
91214
91214
91214
91214
91214
91214
91214
91301
91301
91301
91301
91301
91301
91301
91301
91301
91301
91301
91301
91301
91301
91301
91301
91301
91301
91301
91301
91301
91301
91301
91301
91301
91301
91301
91301
91301
91301
91301
91301
91301
91301
91302
91302
91302
91302
91302
91302
91302
91302
91302
91302
91302
91302
91302
91302
91302
91302
91302
91302
91302
91302
91302
91302
91302
91302
91302
91302
91302
91302
91302
91302
91302
91302
91302
91302
91302
91302
91303
91303
91303
91303
91303
91303
91303
91303
91303
91303
91303
91303
91303
91303
91303
91303
91303
91304
91304
91304
91304
91304
91304
91304
91304
91304
91304
91304
91304
91304
91304
91304
91304
91304
91304
91304
91304
91304
91304
91304
91304
91304
91304
91304
91304
91304
91304
91304
91304
91304
91304
91304
91304
91304
91304
91304
91304
91304
91304
91304
91304
91304
91304
91304
91304
91304
91304
91304
91304
91304
91304
91304
91304
91304
91304
91304
91304
91304
91304
91304
91304
91304
91304
91304
91304
91304
91304
91304
91304
91304
91304
91304
91304
91304
91304
91304
91304
91304
91304
91304
91304
91304
91304
91304
91304
91304
91306
91306
91306
91306
91306
91306
91306
91306
91306
91306
91306
91306
91306
91306
91306
91306
91306
91306
91306
91306
91306
91306
91306
91306
91306
91306
91306
91306
91306
91306
91306
91306
91306
91306
91306
91306
91306
91306
91306
91306
91306
91306
91306
91306
91306
91306
91306
91306
91306
91306
91306
91306
91306
91306
91307
91307
91307
91307
91307
91307
91307
91307
91307
91307
91307
91307
91307
91307
91307
91307
91307
91307
91307
91307
91307
91307
91307
91307
91307
91307
91307
91307
91307
91307
91307
91307
91307
91307
91307
91307
91307
91307
91307
91307
91307
91307
91307
91307
91307
91307
91307
91307
91307
91307
91307
91307
91307
91307
91307
91307
91307
91307
91307
91307
91307
91307
91307
91307
91307
91307
91307
91307
91307
91307
91307
91307
91307
91307
91307
91307
91307
91307
91307
91307
91311
91311
91311
91311
91311
91311
91311
91311
91311
91311
91311
91311
91311
91311
91311
91311
91311
91311
91311
91311
91311
91311
91311
91311
91311
91311
91311
91311
91311
91311
91311
91311
91311
91311
91311
91311
91311
91311
91311
91311
91311
91311
91311
91311
91311
91311
91311
91311
91311
91311
91311
91311
91311
91311
91311
91311
91311
91311
91311
91311
91311
91311
91311
91311
91311
91311
91311
91311
91311
91311
91311
91311
91311
91311
91311
91311
91311
91311
91311
91311
91311
91311
91311
91311
91311
91316
91316
91316
91316
91316
91316
91316
91316
91316
91316
91316
91316
91316
91316
91316
91316
91316
91316
91316
91316
91316
91316
91316
91316
91316
91316
91316
91316
91316
91316
91316
91316
91316
91316
91316
91316
91316
91316
91316
91316
91316
91316
91316
91316
91316
91316
91316
91316
91316
91316
91316
91316
91316
91316
91316
91316
91316
91316
91316
91316
91316
91316
91316
91316
91316
91316
91316
91316
91316
91316
91320
91320
91320
91320
91320
91320
91320
91320
91320
91320
91320
91320
91320
91320
91320
91320
91320
91320
91320
91320
91320
91320
91320
91320
91320
91320
91320
91320
91320
91320
91320
91320
91320
91320
91320
91320
91320
91320
91320
91320
91320
91320
91320
91320
91320
91320
91320
91320
91320
91320
91320
91320
91321
91321
91321
91321
91321
91321
91321
91321
91321
91321
91321
91321
91321
91321
91321
91321
91321
91321
91321
91321
91321
91321
91321
91324
91324
91324
91324
91324
91324
91324
91324
91324
91324
91324
91324
91324
91324
91324
91324
91324
91324
91324
91324
91324
91324
91324
91324
91324
91324
91324
91324
91324
91324
91324
91324
91324
91324
91324
91324
91324
91324
91324
91324
91324
91324
91324
91324
91324
91324
91324
91324
91324
91324
91324
91324
91324
91324
91324
91324
91324
91324
91324
91324
91324
91325
91325
91325
91325
91325
91325
91325
91325
91325
91325
91325
91325
91325
91325
91325
91325
91325
91325
91325
91325
91325
91325
91325
91325
91325
91325
91325
91325
91325
91325
91325
91325
91325
91325
91325
91325
91325
91325
91325
91325
91325
91325
91325
91325
91325
91325
91325
91325
91325
91325
91325
91325
91325
91325
91325
91325
91325
91326
91326
91326
91326
91326
91326
91326
91326
91326
91326
91326
91326
91326
91326
91326
91326
91326
91326
91326
91326
91326
91326
91326
91326
91326
91326
91326
91326
91326
91326
91326
91326
91326
91326
91326
91326
91326
91326
91326
91326
91326
91326
91326
91326
91326
91326
91326
91326
91326
91326
91326
91326
91326
91326
91326
91326
91326
91326
91326
91326
91326
91326
91326
91326
91326
91326
91326
91326
91326
91326
91326
91326
91326
91326
91326
91326
91326
91326
91326
91326
91326
91326
91326
91326
91326
91326
91326
91326
91326
91326
91326
91326
91326
91326
91326
91326
91326
91331
91331
91331
91331
91331
91331
91331
91331
91331
91331
91331
91331
91331
91331
91335
91335
91335
91335
91335
91335
91335
91335
91335
91335
91335
91335
91335
91335
91335
91335
91335
91335
91335
91335
91335
91335
91335
91335
91335
91335
91335
91335
91335
91335
91335
91335
91335
91335
91335
91335
91335
91335
91335
91335
91335
91335
91335
91335
91335
91335
91335
91335
91335
91335
91335
91335
91335
91335
91335
91335
91335
91335
91335
91335
91335
91335
91335
91335
91335
91335
91340
91340
91340
91340
91340
91340
91340
91342
91342
91342
91342
91342
91342
91342
91342
91342
91342
91342
91342
91342
91342
91342
91342
91342
91342
91342
91342
91342
91342
91342
91342
91342
91342
91342
91342
91342
91342
91342
91342
91342
91342
91342
91342
91342
91342
91342
91342
91342
91342
91342
91342
91342
91342
91342
91342
91342
91342
91342
91342
91342
91342
91343
91343
91343
91343
91343
91343
91343
91343
91343
91343
91343
91343
91343
91343
91343
91343
91343
91343
91343
91343
91343
91343
91343
91343
91343
91343
91343
91343
91343
91343
91343
91343
91343
91343
91343
91343
91343
91343
91343
91343
91343
91343
91343
91343
91344
91344
91344
91344
91344
91344
91344
91344
91344
91344
91344
91344
91344
91344
91344
91344
91344
91344
91344
91344
91344
91344
91344
91344
91344
91344
91344
91344
91344
91344
91344
91344
91344
91344
91344
91344
91344
91344
91344
91344
91344
91344
91344
91344
91344
91344
91344
91344
91344
91344
91344
91344
91344
91344
91344
91344
91344
91344
91344
91344
91344
91344
91344
91344
91344
91344
91344
91344
91344
91344
91344
91344
91344
91344
91344
91344
91344
91344
91344
91344
91344
91344
91344
91344
91344
91344
91344
91344
91344
91344
91344
91344
91344
91344
91344
91344
91344
91344
91344
91344
91344
91344
91344
91344
91344
91344
91344
91344
91344
91344
91344
91344
91344
91344
91344
91344
91344
91344
91344
91344
91344
91345
91345
91345
91345
91345
91345
91345
91345
91345
91345
91345
91345
91345
91345
91350
91350
91350
91350
91350
91350
91350
91350
91350
91350
91350
91350
91350
91350
91350
91350
91350
91350
91350
91350
91350
91350
91350
91350
91350
91350
91350
91350
91350
91350
91350
91350
91350
91351
91351
91351
91351
91351
91351
91351
91351
91351
91351
91351
91351
91351
91351
91351
91351
91351
91351
91352
91352
91352
91352
91352
91352
91352
91352
91352
91352
91352
91352
91352
91352
91352
91352
91354
91354
91354
91354
91354
91354
91354
91354
91354
91354
91354
91354
91354
91354
91354
91354
91354
91354
91354
91354
91354
91354
91354
91354
91354
91354
91354
91354
91354
91354
91354
91354
91354
91354
91354
91354
91354
91354
91354
91354
91354
91354
91354
91354
91355
91355
91355
91355
91355
91355
91355
91355
91355
91355
91355
91355
91355
91355
91355
91355
91355
91355
91355
91355
91355
91355
91355
91355
91355
91355
91355
91355
91355
91355
91355
91355
91355
91355
91355
91355
91355
91355
91355
91356
91356
91356
91356
91356
91356
91356
91356
91356
91356
91356
91356
91356
91356
91356
91356
91356
91356
91356
91356
91356
91356
91356
91356
91356
91356
91356
91356
91356
91356
91356
91356
91356
91356
91356
91356
91356
91356
91356
91356
91356
91356
91356
91356
91356
91356
91356
91356
91360
91360
91360
91360
91360
91360
91360
91360
91360
91360
91360
91360
91360
91360
91360
91360
91360
91360
91360
91360
91360
91360
91360
91360
91360
91360
91360
91360
91360
91360
91361
91361
91361
91361
91361
91361
91361
91361
91361
91361
91361
91361
91361
91361
91361
91361
91361
91361
91362
91362
91362
91362
91362
91362
91362
91362
91362
91362
91362
91362
91362
91362
91362
91362
91362
91362
91362
91362
91362
91362
91362
91362
91362
91362
91362
91364
91364
91364
91364
91364
91364
91364
91364
91364
91364
91364
91364
91364
91364
91364
91364
91364
91364
91364
91364
91364
91364
91364
91364
91364
91364
91364
91364
91364
91364
91364
91364
91364
91364
91364
91364
91364
91364
91364
91364
91364
91364
91364
91364
91364
91364
91364
91364
91364
91364
91364
91364
91364
91364
91364
91364
91364
91364
91364
91364
91364
91364
91367
91367
91367
91367
91367
91367
91367
91367
91367
91367
91367
91367
91367
91367
91367
91367
91367
91367
91367
91367
91367
91367
91367
91367
91367
91367
91367
91367
91367
91367
91367
91367
91367
91367
91367
91367
91367
91367
91367
91367
91367
91367
91367
91367
91367
91367
91367
91367
91367
91367
91367
91367
91367
91367
91367
91367
91367
91367
91367
91367
91367
91367
91367
91367
91367
91367
91367
91367
91367
91367
91367
91367
91367
91367
91367
91367
91367
91367
91367
91367
91367
91367
91367
91367
91367
91367
91367
91367
91367
91367
91367
91367
91377
91377
91377
91377
91377
91377
91377
91377
91377
91377
91377
91377
91377
91377
91377
91381
91381
91381
91381
91381
91381
91381
91381
91381
91381
91381
91381
91381
91384
91384
91384
91384
91384
91384
91384
91384
91384
91384
91384
91384
91384
91384
91384
91384
91384
91387
91387
91387
91387
91387
91387
91387
91387
91387
91387
91387
91387
91387
91387
91387
91387
91387
91387
91387
91387
91387
91387
91387
91387
91387
91387
91387
91387
91387
91387
91387
91390
91390
91390
91390
91390
91390
91390
91390
91390
91390
91390
91390
91390
91390
91390
91401
91401
91401
91401
91401
91401
91401
91401
91401
91401
91401
91401
91401
91401
91401
91401
91401
91401
91401
91401
91401
91401
91401
91401
91401
91401
91401
91401
91401
91401
91401
91401
91401
91401
91401
91401
91401
91401
91401
91401
91401
91401
91401
91401
91401
91401
91401
91401
91401
91401
91401
91401
91401
91401
91401
91401
91401
91402
91402
91402
91402
91402
91402
91402
91402
91402
91402
91402
91402
91402
91403
91403
91403
91403
91403
91403
91403
91403
91403
91403
91403
91403
91403
91403
91403
91403
91403
91403
91403
91403
91403
91403
91403
91403
91403
91403
91403
91403
91403
91403
91403
91403
91403
91403
91403
91403
91403
91403
91405
91405
91405
91405
91405
91405
91405
91405
91405
91405
91405
91405
91405
91405
91405
91405
91405
91405
91405
91405
91405
91405
91405
91405
91405
91405
91405
91406
91406
91406
91406
91406
91406
91406
91406
91406
91406
91406
91406
91406
91406
91406
91406
91406
91406
91406
91406
91406
91406
91406
91406
91406
91406
91406
91406
91406
91406
91406
91406
91406
91406
91406
91406
91406
91406
91406
91406
91406
91406
91406
91406
91406
91406
91406
91406
91406
91406
91406
91406
91406
91406
91406
91406
91406
91406
91406
91406
91406
91411
91411
91411
91411
91411
91411
91411
91411
91411
91411
91411
91411
91411
91411
91411
91411
91411
91423
91423
91423
91423
91423
91423
91423
91423
91423
91423
91423
91423
91423
91423
91423
91423
91423
91423
91423
91423
91423
91423
91423
91423
91423
91423
91423
91423
91423
91423
91423
91423
91423
91423
91423
91423
91423
91423
91423
91423
91423
91423
91423
91423
91423
91423
91423
91423
91423
91423
91423
91423
91423
91436
91436
91436
91436
91436
91436
91436
91436
91436
91436
91436
91436
91436
91436
91436
91436
91436
91436
91436
91436
91436
91436
91436
91436
91436
91436
91501
91501
91501
91501
91501
91501
91501
91502
91502
91502
91502
91502
91502
91502
91504
91504
91504
91504
91504
91504
91504
91504
91504
91504
91504
91504
91504
91504
91504
91504
91504
91504
91504
91504
91504
91504
91505
91505
91505
91505
91505
91505
91505
91505
91505
91505
91505
91505
91505
91505
91505
91505
91505
91505
91505
91505
91505
91506
91506
91506
91506
91506
91506
91506
91506
91506
91506
91506
91506
91506
91506
91506
91506
91506
91506
91506
91506
91506
91506
91506
91601
91601
91601
91601
91601
91601
91601
91601
91601
91601
91601
91601
91601
91601
91601
91601
91601
91601
91601
91601
91601
91601
91601
91601
91601
91601
91601
91601
91601
91601
91601
91601
91602
91602
91602
91602
91602
91602
91602
91602
91602
91602
91602
91602
91602
91602
91602
91602
91602
91602
91602
91602
91602
91602
91602
91604
91604
91604
91604
91604
91604
91604
91604
91604
91604
91604
91604
91604
91604
91604
91604
91604
91604
91604
91604
91604
91604
91604
91604
91604
91604
91604
91604
91604
91604
91604
91604
91604
91604
91604
91604
91604
91604
91604
91604
91604
91604
91604
91604
91604
91604
91604
91604
91605
91605
91605
91605
91605
91605
91605
91605
91605
91605
91605
91605
91605
91605
91605
91605
91605
91605
91605
91605
91605
91605
91605
91605
91606
91606
91606
91606
91606
91606
91606
91606
91606
91606
91606
91606
91606
91606
91606
91606
91606
91606
91606
91606
91606
91607
91607
91607
91607
91607
91607
91607
91607
91607
91607
91607
91607
91607
91607
91607
91607
91607
91607
91607
91607
91607
91607
91607
91607
91607
91607
91607
91607
91607
91607
91607
91607
91607
91607
91607
91607
91607
91607
91607
91607
91607
91607
91702
91702
91702
91702
91702
91702
91702
91702
91702
91702
91702
91702
91702
91702
91702
91702
91702
91702
91702
91702
91702
91702
91702
91702
91702
91702
91702
91702
91702
91702
91702
91702
91702
91702
91702
91702
91702
91702
91702
91702
91702
91702
91702
91702
91702
91702
91702
91702
91702
91702
91702
91702
91702
91702
91706
91706
91706
91706
91706
91706
91706
91706
91706
91706
91706
91706
91706
91706
91706
91706
91706
91706
91706
91711
91711
91711
91711
91711
91711
91711
91711
91711
91711
91711
91711
91711
91711
91711
91711
91711
91711
91711
91711
91711
91711
91711
91711
91711
91711
91711
91711
91711
91711
91711
91711
91711
91711
91711
91711
91711
91711
91711
91711
91711
91711
91711
91711
91711
91711
91711
91711
91711
91711
91711
91711
91711
91711
91711
91711
91711
91711
91711
91711
91711
91711
91711
91711
91711
91711
91711
91711
91711
91711
91711
91711
91711
91711
91711
91711
91711
91711
91711
91711
91711
91711
91711
91711
91711
91711
91711
91711
91711
91711
91711
91711
91711
91711
91711
91711
91711
91711
91711
91711
91711
91711
91711
91711
91711
91711
91711
91711
91711
91722
91722
91722
91722
91722
91722
91722
91722
91722
91722
91722
91722
91722
91722
91722
91722
91722
91722
91722
91722
91722
91722
91722
91722
91722
91722
91722
91722
91722
91722
91722
91722
91722
91722
91722
91722
91722
91722
91722
91722
91722
91722
91722
91722
91722
91722
91722
91723
91723
91723
91723
91723
91723
91723
91723
91723
91723
91723
91723
91723
91723
91723
91723
91723
91723
91723
91723
91723
91723
91723
91723
91723
91723
91723
91723
91723
91723
91723
91723
91723
91723
91723
91723
91723
91724
91724
91724
91724
91724
91724
91724
91724
91724
91724
91724
91724
91724
91724
91724
91724
91724
91724
91724
91724
91724
91724
91724
91724
91724
91724
91724
91724
91724
91724
91724
91724
91724
91724
91724
91724
91724
91724
91724
91724
91724
91724
91724
91724
91724
91724
91724
91724
91724
91724
91724
91724
91724
91724
91724
91724
91724
91724
91724
91724
91724
91724
91724
91724
91724
91724
91724
91724
91724
91724
91724
91724
91724
91724
91724
91724
91724
91724
91724
91724
91731
91731
91731
91731
91731
91731
91731
91731
91731
91732
91732
91732
91732
91732
91732
91732
91732
91732
91732
91732
91732
91732
91732
91732
91732
91732
91732
91732
91732
91732
91732
91732
91732
91732
91732
91732
91733
91733
91733
91733
91733
91733
91733
91740
91740
91740
91740
91740
91740
91740
91740
91740
91740
91740
91740
91740
91740
91740
91740
91740
91740
91740
91740
91740
91740
91740
91740
91740
91740
91740
91740
91740
91740
91740
91740
91740
91740
91740
91740
91740
91740
91740
91740
91740
91740
91740
91740
91740
91740
91740
91740
91740
91740
91740
91740
91740
91740
91740
91740
91740
91740
91740
91740
91740
91740
91740
91740
91740
91740
91740
91740
91740
91740
91741
91741
91741
91741
91741
91741
91741
91741
91741
91741
91741
91741
91741
91741
91741
91741
91741
91741
91741
91741
91741
91741
91741
91741
91741
91741
91741
91741
91741
91741
91741
91741
91741
91741
91741
91741
91741
91741
91741
91741
91741
91741
91741
91741
91741
91741
91741
91741
91741
91741
91741
91741
91741
91741
91741
91741
91741
91741
91741
91741
91741
91741
91741
91741
91741
91741
91741
91741
91741
91741
91741
91741
91741
91741
91741
91741
91741
91741
91741
91741
91741
91741
91741
91741
91741
91741
91741
91741
91741
91741
91741
91741
91741
91741
91741
91741
91741
91741
91741
91741
91741
91741
91741
91741
91741
91741
91741
91741
91741
91741
91741
91741
91741
91741
91741
91750
91750
91750
91750
91750
91750
91750
91750
91750
91750
91750
91750
91750
91750
91750
91750
91750
91750
91750
91750
91750
91750
91750
91750
91750
91750
91750
91750
91750
91750
91750
91750
91750
91750
91750
91750
91750
91750
91750
91750
91750
91750
91750
91750
91750
91750
91750
91750
91750
91750
91750
91750
91750
91750
91750
91750
91750
91750
91750
91750
91750
91750
91750
91750
91750
91750
91750
91750
91750
91750
91750
91750
91750
91750
91750
91750
91750
91750
91750
91750
91750
91750
91750
91750
91750
91750
91750
91750
91750
91750
91750
91750
91750
91750
91750
91750
91750
91750
91750
91750
91750
91750
91750
91750
91750
91750
91750
91750
91750
91750
91750
91750
91750
91750
91750
91750
91750
91750
91750
91750
91750
91754
91754
91754
91754
91754
91754
91754
91754
91754
91754
91754
91754
91754
91754
91754
91754
91754
91754
91754
91754
91754
91754
91754
91754
91754
91754
91754
91754
91754
91754
91754
91754
91754
91754
91754
91754
91754
91755
91755
91755
91755
91755
91755
91755
91755
91755
91755
91755
91755
91755
91755
91755
91755
91755
91755
91755
91755
91755
91770
91770
91770
91770
91770
91770
91770
91770
91770
91770
91770
91770
91770
91770
91770
91770
91770
91770
91770
91770
91770
91770
91770
91770
91770
91770
91770
91770
91770
91770
91770
91770
91770
91770
91770
91770
91770
91770
91770
91773
91773
91773
91773
91773
91773
91773
91773
91773
91773
91773
91773
91773
91773
91773
91773
91773
91773
91773
91773
91773
91773
91773
91773
91773
91773
91773
91773
91773
91773
91773
91773
91773
91773
91773
91773
91773
91773
91773
91773
91773
91773
91773
91773
91773
91773
91773
91773
91773
91773
91773
91773
91773
91773
91773
91773
91773
91773
91773
91773
91773
91773
91773
91773
91773
91773
91773
91773
91773
91773
91773
91773
91773
91773
91773
91773
91773
91773
91773
91773
91773
91773
91773
91773
91773
91773
91773
91773
91773
91773
91773
91773
91773
91773
91773
91773
91773
91773
91773
91773
91773
91773
91773
91773
91773
91773
91773
91773
91773
91773
91773
91773
91773
91773
91773
91773
91773
91773
91773
91773
91773
91773
91773
91773
91773
91773
91773
91773
91773
91773
91773
91773
91773
91773
91773
91773
91773
91773
91773
91775
91775
91775
91775
91775
91775
91775
91775
91775
91775
91775
91775
91775
91775
91775
91775
91775
91775
91775
91775
91775
91775
91775
91775
91775
91775
91775
91775
91775
91775
91775
91776
91776
91776
91776
91776
91776
91776
91776
91776
91776
91776
91776
91776
91776
91776
91776
91776
91780
91780
91780
91780
91780
91780
91780
91780
91780
91780
91780
91780
91780
91780
91780
91780
91780
91780
91780
91780
91780
91780
91780
91780
91780
91780
91780
91780
91780
91780
91780
91780
91780
91780
91780
91780
91780
91780
91780
91780
91780
91780
91780
91780
91780
91780
91780
91780
91780
91780
91780
91780
91780
91780
91780
91780
91780
91801
91801
91801
91801
91801
91801
91801
91801
91801
91801
91801
91801
91801
91801
91801
91801
91801
91801
91801
91801
91801
91801
91801
91801
91801
91801
91801
91801
91801
91801
91801
91801
91803
91803
91803
91803
91803
91803
91803
91803
91803
91803
91803
91803
91803
91803
91803
91803
91803
91803
91803
93001
93001
93001
93001
93001
93001
93001
93001
93001
93001
93001
93001
93003
93003
93003
93003
93003
93003
93003
93003
93003
93003
93003
93003
93003
93003
93003
93003
93003
93003
93004
93004
93004
93004
93004
93004
93004
93004
93004
93004
93004
93004
93004
93004
93004
93004
93010
93010
93010
93010
93010
93010
93010
93010
93010
93010
93010
93010
93010
93010
93010
93010
93010
93010
93010
93010
93010
93010
93010
93010
93010
93010
93012
93012
93012
93012
93012
93012
93012
93012
93012
93012
93012
93012
93012
93012
93012
93012
93012
93012
93015
93021
93021
93021
93021
93021
93021
93021
93021
93021
93021
93021
93021
93021
93021
93021
93021
93021
93021
93021
93021
93021
93021
93021
93021
93021
93021
93021
93021
93021
93021
93021
93021
93021
93021
93022
93022
93022
93023
93023
93030
93030
93030
93033
93033
93033
93033
93033
93033
93033
93033
93035
93035
93035
93035
93035
93035
93035
93035
93035
93035
93035
93035
93035
93035
93035
93035
93036
93036
93036
93036
93036
93036
93036
93036
93036
93036
93036
93041
93041
93041
93041
93041
93041
93041
93041
93060
93060
93060
93060
93063
93063
93063
93063
93063
93063
93063
93063
93063
93063
93063
93063
93063
93063
93063
93063
93063
93063
93063
93063
93063
93063
93063
93063
93063
93063
93063
93063
93063
93063
93063
93063
93063
93063
93063
93063
93063
93063
93063
93063
93063
93063
93063
93063
93063
93063
93063
93063
93063
93063
93063
93065
93065
93065
93065
93065
93065
93065
93065
93065
93065
93065
93065
93065
93065
93065
93065
93065
93065
93065
93065
93065
93065
93065
93065
93065
93065
93065
93065
93065
93065
93065
93065
93065
93065
93065
93065
93065
93065
93065
93065
93065
93065
93065
93065
93065
93065
93065
93065
93065
93065
93065
93066
93534
93534
93534
93535
93536
93536
93536
93536
93536
93536
93536
93550
93551
93551
93551
93551
93551
93552
93563
93591