90807
91790
91790
90813
91789
90815
90604
90275
90241
90713
90274
91765
91766
90638
90240
90731
90745
90745
90731
90241
91790
90815
91745
90505
90638
91745
90805
90706
91792
90815
91791
90802
90815
90505
90713
90712
90241
90638
90274
90274
90815
91766
90808
91791
90502
90808
91789
90755
91744
90242
90717
90712
90710
90808
91745
90712
91748
90808
91765
90703
90274
90606
91790
91790
91765
91792
91790
90806
90807
90814
90602
90220
90220
90220
90220
90220
90220
90220
90220
90220
90220
90220
90220
90220
90220
90221
90221
90221
90221
90222
90222
90222
90222
90222
90222
90222
90240
90240
90240
90240
90240
90240
90240
90240
90240
90240
90240
90240
90240
90240
90240
90240
90240
90240
90240
90240
90240
90240
90240
90240
90241
90241
90241
90241
90241
90241
90241
90241
90241
90241
90241
90241
90241
90241
90241
90241
90241
90241
90241
90241
90241
90242
90242
90242
90242
90242
90242
90242
90242
90242
90242
90242
90242
90242
90242
90242
90242
90242
90242
90242
90242
90262
90262
90262
90262
90262
90274
90274
90274
90274
90274
90274
90274
90274
90274
90274
90274
90274
90274
90274
90274
90274
90274
90274
90274
90274
90274
90274
90274
90274
90274
90274
90274
90274
90274
90274
90274
90274
90274
90274
90274
90274
90274
90274
90274
90274
90274
90274
90274
90274
90274
90274
90274
90274
90274
90274
90274
90274
90274
90274
90274
90274
90274
90274
90274
90274
90274
90274
90274
90274
90274
90274
90274
90274
90274
90274
90274
90275
90275
90275
90275
90275
90275
90275
90275
90275
90275
90275
90275
90275
90275
90275
90275
90275
90275
90275
90275
90275
90275
90275
90275
90275
90275
90275
90275
90275
90275
90275
90275
90275
90275
90275
90275
90275
90275
90275
90275
90275
90275
90275
90275
90275
90275
90275
90275
90275
90275
90275
90275
90275
90275
90275
90275
90275
90275
90275
90275
90275
90275
90275
90275
90275
90275
90275
90275
90275
90275
90275
90275
90275
90275
90275
90275
90275
90275
90275
90275
90275
90275
90275
90275
90275
90275
90275
90275
90275
90275
90275
90275
90275
90275
90275
90275
90275
90275
90275
90275
90275
90275
90275
90275
90275
90277
90277
90277
90277
90277
90277
90277
90277
90277
90277
90277
90277
90277
90277
90277
90277
90277
90277
90277
90277
90277
90277
90277
90277
90277
90277
90277
90277
90277
90277
90277
90277
90277
90277
90277
90277
90277
90277
90277
90277
90277
90277
90277
90277
90277
90277
90277
90277
90277
90277
90277
90277
90277
90277
90277
90277
90277
90277
90277
90277
90277
90277
90277
90277
90277
90277
90277
90277
90277
90277
90277
90277
90277
90277
90277
90277
90277
90277
90277
90277
90277
90277
90277
90277
90277
90277
90277
90277
90277
90277
90501
90501
90501
90501
90501
90501
90501
90501
90501
90501
90501
90501
90501
90501
90501
90501
90501
90501
90501
90501
90501
90501
90501
90501
90501
90501
90501
90501
90501
90501
90501
90501
90501
90501
90501
90501
90501
90501
90501
90501
90501
90501
90501
90501
90501
90501
90501
90501
90501
90501
90501
90501
90502
90502
90502
90502
90502
90502
90502
90502
90502
90502
90502
90502
90502
90502
90502
90502
90502
90502
90503
90503
90503
90503
90503
90503
90503
90503
90503
90503
90503
90503
90503
90503
90503
90503
90503
90503
90503
90503
90503
90503
90503
90503
90503
90503
90503
90503
90503
90503
90503
90503
90503
90503
90503
90503
90503
90503
90503
90503
90503
90503
90503
90503
90503
90503
90503
90503
90503
90503
90503
90503
90503
90503
90503
90503
90503
90503
90503
90503
90503
90503
90503
90503
90503
90503
90503
90503
90503
90503
90503
90503
90503
90503
90503
90503
90503
90503
90503
90503
90503
90503
90503
90503
90503
90503
90503
90503
90503
90505
90505
90505
90505
90505
90505
90505
90505
90505
90505
90505
90505
90505
90505
90505
90505
90505
90505
90505
90505
90505
90505
90505
90505
90505
90505
90505
90505
90505
90505
90505
90505
90505
90505
90505
90505
90505
90505
90505
90505
90505
90505
90505
90505
90505
90505
90505
90505
90505
90505
90505
90505
90505
90505
90505
90505
90505
90505
90505
90505
90505
90505
90505
90505
90505
90505
90505
90505
90505
90505
90505
90505
90505
90505
90505
90601
90601
90601
90601
90601
90601
90601
90601
90601
90601
90601
90601
90601
90601
90601
90602
90602
90602
90602
90602
90602
90603
90603
90603
90603
90603
90603
90603
90603
90603
90603
90603
90603
90603
90603
90603
90603
90603
90603
90603
90603
90603
90604
90604
90604
90604
90604
90604
90604
90604
90604
90604
90604
90604
90604
90604
90604
90604
90604
90604
90604
90604
90604
90605
90605
90605
90605
90605
90605
90605
90605
90605
90605
90605
90606
90606
90606
90606
90638
90638
90638
90638
90638
90638
90638
90638
90638
90638
90638
90638
90638
90638
90638
90638
90638
90638
90638
90638
90638
90638
90638
90638
90638
90638
90638
90638
90638
90638
90638
90638
90638
90638
90638
90638
90638
90638
90638
90638
90638
90638
90638
90638
90638
90638
90638
90638
90638
90638
90638
90638
90638
90638
90638
90650
90650
90650
90650
90650
90650
90650
90650
90650
90650
90650
90650
90650
90650
90650
90650
90650
90650
90650
90650
90650
90650
90650
90650
90650
90650
90650
90650
90650
90650
90650
90650
90650
90650
90650
90650
90650
90650
90650
90650
90650
90650
90650
90650
90650
90650
90650
90650
90650
90660
90660
90660
90660
90660
90660
90660
90660
90670
90670
90670
90670
90670
90670
90670
90670
90670
90670
90670
90670
90701
90701
90701
90701
90701
90701
90703
90703
90703
90703
90703
90703
90703
90703
90703
90703
90703
90703
90703
90703
90703
90703
90703
90703
90703
90703
90703
90703
90703
90703
90703
90703
90703
90703
90703
90703
90703
90703
90703
90703
90703
90703
90703
90703
90703
90703
90703
90703
90703
90703
90703
90703
90703
90703
90703
90703
90703
90703
90703
90703
90703
90703
90703
90703
90703
90703
90703
90703
90703
90703
90703
90706
90706
90706
90706
90706
90706
90706
90706
90706
90706
90706
90706
90706
90706
90706
90706
90706
90706
90706
90706
90706
90706
90706
90706
90706
90706
90706
90706
90706
90706
90706
90706
90706
90706
90706
90706
90706
90706
90706
90706
90706
90706
90706
90706
90710
90710
90710
90710
90710
90710
90710
90710
90710
90710
90710
90710
90710
90710
90710
90710
90710
90710
90710
90710
90710
90710
90712
90712
90712
90712
90712
90712
90712
90712
90712
90712
90712
90712
90712
90712
90712
90712
90712
90712
90712
90712
90712
90712
90712
90712
90712
90712
90712
90712
90712
90712
90712
90712
90712
90712
90712
90712
90712
90712
90712
90712
90712
90712
90712
90712
90712
90712
90712
90712
90712
90712
90713
90713
90713
90713
90713
90713
90713
90713
90713
90713
90713
90713
90713
90713
90713
90713
90713
90713
90713
90713
90713
90713
90713
90713
90713
90713
90713
90713
90713
90713
90713
90713
90713
90713
90713
90713
90713
90713
90713
90713
90713
90713
90713
90713
90713
90713
90713
90713
90713
90715
90715
90715
90715
90715
90715
90715
90715
90715
90715
90715
90715
90715
90715
90715
90715
90715
90715
90716
90716
90716
90716
90716
90717
90717
90717
90717
90717
90717
90717
90717
90717
90717
90717
90717
90717
90717
90717
90717
90723
90723
90723
90723
90723
90723
90723
90723
90723
90731
90731
90731
90731
90731
90731
90731
90731
90731
90731
90731
90731
90731
90731
90731
90731
90731
90731
90731
90731
90731
90731
90731
90731
90731
90731
90731
90731
90731
90731
90731
90731
90731
90731
90731
90731
90731
90731
90731
90731
90731
90731
90731
90731
90731
90732
90732
90732
90732
90732
90732
90732
90732
90732
90732
90732
90732
90732
90732
90732
90732
90732
90732
90732
90732
90732
90732
90732
90732
90732
90732
90732
90732
90732
90732
90732
90732
90732
90732
90732
90732
90744
90744
90744
90744
90744
90744
90744
90744
90745
90745
90745
90745
90745
90745
90745
90745
90745
90745
90745
90745
90745
90745
90745
90745
90745
90745
90745
90745
90745
90745
90745
90745
90745
90745
90745
90745
90745
90745
90746
90746
90746
90746
90746
90746
90746
90746
90746
90746
90746
90746
90746
90746
90746
90746
90746
90746
90755
90755
90755
90755
90755
90755
90755
90755
90755
90755
90755
90755
90755
90755
90755
90802
90802
90802
90802
90802
90802
90802
90802
90802
90802
90802
90802
90802
90802
90802
90802
90802
90802
90802
90802
90802
90802
90802
90802
90802
90802
90802
90802
90802
90802
90802
90802
90802
90802
90802
90802
90802
90802
90802
90802
90802
90802
90802
90803
90803
90803
90803
90803
90803
90803
90803
90803
90803
90803
90803
90803
90803
90803
90803
90803
90803
90803
90803
90803
90803
90803
90803
90803
90803
90803
90803
90803
90803
90803
90803
90803
90803
90803
90803
90803
90803
90803
90803
90803
90803
90803
90803
90803
90803
90803
90803
90803
90803
90803
90803
90803
90803
90803
90803
90803
90803
90803
90803
90803
90803
90803
90803
90803
90803
90803
90803
90804
90804
90804
90804
90804
90804
90804
90804
90804
90804
90804
90804
90804
90804
90804
90804
90804
90804
90804
90804
90804
90804
90804
90804
90804
90804
90804
90805
90805
90805
90805
90805
90805
90805
90805
90805
90805
90805
90805
90805
90805
90805
90805
90805
90805
90805
90806
90806
90806
90806
90806
90806
90806
90806
90806
90806
90806
90806
90806
90807
90807
90807
90807
90807
90807
90807
90807
90807
90807
90807
90807
90807
90807
90807
90807
90807
90807
90807
90807
90807
90807
90807
90807
90807
90807
90807
90807
90807
90807
90807
90807
90807
90807
90807
90807
90807
90807
90807
90807
90807
90808
90808
90808
90808
90808
90808
90808
90808
90808
90808
90808
90808
90808
90808
90808
90808
90808
90808
90808
90808
90808
90808
90808
90808
90808
90808
90808
90808
90808
90808
90808
90808
90808
90808
90808
90808
90808
90808
90808
90808
90808
90808
90808
90808
90808
90808
90808
90808
90808
90808
90808
90808
90808
90808
90808
90808
90808
90808
90808
90808
90808
90808
90808
90808
90808
90808
90808
90808
90808
90808
90808
90808
90808
90808
90808
90808
90808
90808
90808
90808
90808
90808
90808
90808
90808
90808
90808
90808
90808
90808
90808
90810
90810
90810
90810
90810
90810
90810
90810
90813
90813
90813
90813
90813
90813
90813
90813
90813
90813
90813
90813
90814
90814
90814
90814
90814
90814
90814
90814
90814
90814
90814
90814
90814
90814
90814
90814
90814
90814
90814
90814
90814
90814
90814
90814
90814
90814
90814
90814
90814
90814
90814
90814
90814
90814
90814
90814
90814
90814
90815
90815
90815
90815
90815
90815
90815
90815
90815
90815
90815
90815
90815
90815
90815
90815
90815
90815
90815
90815
90815
90815
90815
90815
90815
90815
90815
90815
90815
90815
90815
90815
90815
90815
90815
90815
90815
90815
90815
90815
90815
90815
90815
90815
90815
90815
90815
90815
90815
90815
90815
90815
90815
90815
90815
90815
90815
90815
90815
90815
90815
90815
90815
90815
90815
90815
90815
90815
90815
90815
90815
90815
90815
90815
90815
90815
90815
90815
90815
90815
90815
90815
90815
90815
90840
91744
91744
91744
91744
91744
91744
91744
91744
91744
91744
91744
91744
91744
91744
91744
91744
91744
91744
91744
91744
91744
91744
91744
91744
91744
91744
91744
91744
91744
91744
91744
91745
91745
91745
91745
91745
91745
91745
91745
91745
91745
91745
91745
91745
91745
91745
91745
91745
91745
91745
91745
91745
91745
91745
91745
91745
91745
91745
91745
91745
91745
91745
91745
91745
91745
91745
91745
91745
91745
91745
91745
91745
91745
91745
91745
91745
91745
91745
91745
91745
91745
91745
91745
91745
91745
91745
91745
91745
91745
91745
91745
91746
91746
91746
91746
91746
91746
91746
91746
91746
91746
91746
91748
91748
91748
91748
91748
91748
91748
91748
91748
91748
91748
91748
91748
91748
91748
91748
91748
91748
91748
91748
91748
91748
91748
91748
91748
91748
91748
91748
91765
91765
91765
91765
91765
91765
91765
91765
91765
91765
91765
91765
91765
91765
91765
91765
91765
91765
91765
91765
91765
91765
91765
91765
91765
91765
91765
91765
91765
91765
91765
91765
91765
91765
91765
91765
91765
91765
91765
91765
91765
91765
91765
91765
91765
91765
91765
91765
91765
91765
91765
91765
91765
91765
91765
91765
91765
91765
91765
91765
91765
91765
91765
91765
91765
91765
91765
91765
91765
91765
91765
91766
91766
91766
91766
91766
91766
91766
91766
91766
91766
91766
91766
91766
91766
91766
91766
91766
91766
91766
91766
91766
91766
91766
91766
91766
91766
91766
91766
91766
91766
91766
91766
91767
91767
91767
91767
91767
91767
91767
91767
91767
91767
91767
91767
91767
91767
91767
91767
91767
91767
91767
91767
91767
91767
91767
91767
91767
91767
91767
91767
91767
91768
91768
91768
91768
91768
91768
91768
91768
91768
91768
91768
91768
91768
91768
91768
91768
91768
91768
91768
91768
91789
91789
91789
91789
91789
91789
91789
91789
91789
91789
91789
91789
91789
91789
91789
91789
91789
91789
91789
91789
91789
91789
91789
91789
91789
91789
91789
91789
91789
91789
91789
91789
91789
91789
91789
91789
91789
91789
91789
91789
91789
91789
91789
91789
91789
91789
91789
91789
91789
91789
91789
91789
91789
91790
91790
91790
91790
91790
91790
91790
91790
91790
91790
91790
91790
91790
91790
91790
91790
91790
91790
91790
91790
91790
91790
91790
91790
91790
91790
91790
91790
91790
91790
91790
91790
91790
91790
91790
91790
91790
91790
91790
91790
91790
91790
91790
91790
91790
91790
91790
91790
91790
91790
91790
91790
91790
91790
91790
91791
91791
91791
91791
91791
91791
91791
91791
91791
91791
91791
91791
91791
91791
91791
91791
91791
91791
91791
91791
91791
91791
91791
91791
91791
91791
91791
91791
91791
91791
91791
91791
91791
91791
91791
91791
91791
91791
91791
91791
91791
91791
91791
91791
91791
91791
91791
91791
91791
91791
91791
91791
91791
91791
91791
91791
91791
91791
91791
91791
91792
91792
91792
91792
91792
91792
91792
91792
91792
91792
91792
91792
91792
91792
91792
91792
91792
91792
91792
91792