85024
85308
85051
86315
85396
85032
85308
85022
85308
85053
85016
85351
85308
85375
85373
85395
85029
85013
85381
85022
85301
85381
85028
85086
85027
85022
85083
85375
85388
85035
85035
85051
85383
85351
85308
85374
85086
85387
85304
85383
85029
85345
85012
85031
85381
85028
85024
85029
85345
85351
85373
85345
85008
85326
85023
85301
85383
85022
85029
85020
85032
85020
85381
85018
85353
85383
85387
85086
85306
85020
85373
85086
85086
85395
85032
85022
85335
85086
85351
85032
85028
85310
85392
85020
85021
85395
85375
85374
85351
85340
85326
85015
85304
85302
85020
85032
86314
85302
85374
85379
85023
85029
85302
85345
85015
85304
85375
85302
85028
85037
85022
85306
85022
85017
85013
85032
85351
85392
85021
85387
85383
85382
85326
85375
85345
85301
85308
85022
85006
85006
85006
85006
85006
85006
85006
85006
85006
85008
85008
85008
85008
85008
85008
85008
85008
85008
85008
85008
85008
85008
85008
85008
85008
85008
85008
85008
85012
85012
85012
85012
85012
85012
85012
85012
85012
85012
85012
85012
85012
85012
85012
85012
85013
85013
85013
85013
85013
85013
85013
85013
85013
85013
85013
85013
85013
85013
85013
85013
85013
85013
85013
85013
85013
85013
85013
85014
85014
85014
85014
85014
85014
85014
85014
85014
85014
85014
85014
85014
85014
85014
85014
85014
85014
85014
85014
85014
85014
85014
85014
85014
85014
85014
85014
85014
85014
85014
85015
85015
85015
85015
85015
85015
85015
85015
85015
85015
85015
85015
85015
85015
85015
85015
85015
85015
85015
85015
85015
85015
85015
85015
85015
85015
85015
85015
85015
85015
85015
85015
85015
85015
85015
85015
85015
85016
85016
85016
85016
85016
85016
85016
85016
85016
85016
85016
85016
85016
85016
85016
85016
85016
85016
85016
85016
85016
85016
85016
85016
85016
85016
85016
85016
85016
85016
85016
85016
85016
85016
85016
85016
85016
85016
85016
85016
85016
85016
85016
85016
85016
85016
85016
85016
85016
85016
85016
85017
85017
85017
85017
85017
85017
85017
85017
85017
85017
85017
85017
85017
85017
85017
85017
85017
85018
85018
85018
85018
85018
85018
85018
85018
85018
85018
85018
85018
85018
85018
85018
85018
85018
85018
85018
85018
85018
85018
85018
85018
85018
85018
85018
85018
85018
85018
85018
85018
85018
85018
85018
85018
85018
85018
85018
85018
85018
85018
85018
85019
85019
85019
85019
85019
85019
85019
85019
85019
85019
85019
85019
85019
85019
85020
85020
85020
85020
85020
85020
85020
85020
85020
85020
85020
85020
85020
85020
85020
85020
85020
85020
85020
85020
85020
85020
85020
85020
85020
85020
85020
85020
85020
85020
85020
85020
85020
85020
85020
85020
85020
85020
85020
85020
85020
85020
85020
85020
85020
85020
85020
85020
85020
85020
85020
85020
85020
85020
85020
85020
85020
85020
85020
85020
85020
85020
85020
85020
85020
85020
85020
85020
85020
85020
85020
85020
85020
85020
85021
85021
85021
85021
85021
85021
85021
85021
85021
85021
85021
85021
85021
85021
85021
85021
85021
85021
85021
85021
85021
85021
85021
85021
85021
85021
85021
85021
85021
85021
85021
85021
85021
85021
85021
85021
85021
85021
85021
85021
85021
85021
85021
85021
85021
85021
85021
85022
85022
85022
85022
85022
85022
85022
85022
85022
85022
85022
85022
85022
85022
85022
85022
85022
85022
85022
85022
85022
85022
85022
85022
85022
85022
85022
85022
85022
85022
85022
85022
85022
85022
85022
85022
85022
85022
85022
85022
85022
85022
85022
85022
85022
85022
85022
85022
85022
85022
85022
85022
85022
85022
85022
85022
85022
85022
85022
85022
85022
85022
85022
85022
85022
85022
85022
85022
85022
85022
85022
85022
85022
85022
85022
85022
85022
85022
85022
85022
85022
85022
85022
85022
85022
85022
85022
85022
85022
85022
85022
85022
85022
85022
85022
85022
85022
85022
85022
85022
85022
85022
85022
85023
85023
85023
85023
85023
85023
85023
85023
85023
85023
85023
85023
85023
85023
85023
85023
85023
85023
85023
85023
85023
85023
85023
85023
85023
85023
85023
85023
85023
85023
85023
85023
85023
85023
85023
85023
85023
85023
85023
85023
85023
85023
85023
85023
85023
85023
85023
85023
85023
85023
85023
85023
85023
85023
85023
85023
85023
85023
85023
85023
85023
85023
85023
85023
85023
85023
85023
85023
85024
85024
85024
85024
85024
85024
85024
85024
85024
85024
85024
85024
85024
85024
85024
85024
85024
85024
85024
85024
85024
85024
85024
85024
85024
85024
85024
85024
85024
85024
85024
85024
85024
85024
85024
85024
85024
85024
85024
85024
85024
85024
85024
85024
85024
85024
85024
85024
85024
85024
85024
85024
85024
85027
85027
85027
85027
85027
85027
85027
85027
85027
85027
85027
85027
85027
85027
85027
85027
85027
85027
85027
85027
85027
85027
85027
85027
85027
85027
85027
85027
85027
85027
85027
85027
85027
85027
85027
85027
85027
85027
85027
85027
85027
85027
85027
85027
85027
85027
85027
85027
85027
85027
85027
85027
85027
85028
85028
85028
85028
85028
85028
85028
85028
85028
85028
85028
85028
85028
85028
85028
85028
85028
85028
85028
85028
85028
85028
85028
85028
85028
85028
85028
85028
85028
85028
85028
85028
85028
85028
85028
85028
85028
85028
85028
85028
85028
85028
85028
85028
85028
85028
85028
85028
85028
85028
85028
85028
85028
85028
85028
85028
85028
85028
85028
85028
85028
85028
85028
85028
85028
85028
85028
85028
85028
85029
85029
85029
85029
85029
85029
85029
85029
85029
85029
85029
85029
85029
85029
85029
85029
85029
85029
85029
85029
85029
85029
85029
85029
85029
85029
85029
85029
85029
85029
85029
85029
85029
85029
85029
85029
85029
85029
85029
85029
85029
85029
85029
85029
85029
85029
85029
85029
85029
85029
85029
85029
85029
85029
85029
85031
85031
85031
85032
85032
85032
85032
85032
85032
85032
85032
85032
85032
85032
85032
85032
85032
85032
85032
85032
85032
85032
85032
85032
85032
85032
85032
85032
85032
85032
85032
85032
85032
85032
85032
85032
85032
85032
85032
85032
85032
85032
85032
85032
85032
85032
85032
85032
85032
85032
85032
85032
85032
85032
85032
85032
85032
85032
85032
85032
85032
85032
85032
85032
85032
85032
85032
85032
85032
85032
85032
85032
85032
85032
85032
85032
85032
85032
85032
85032
85032
85032
85032
85032
85032
85032
85032
85032
85032
85032
85032
85032
85032
85032
85032
85032
85032
85032
85032
85032
85032
85032
85032
85032
85032
85032
85032
85032
85032
85032
85032
85032
85032
85032
85032
85033
85033
85033
85033
85033
85033
85033
85033
85033
85033
85033
85035
85035
85035
85037
85037
85037
85037
85037
85037
85037
85037
85037
85037
85037
85037
85037
85037
85037
85037
85037
85037
85037
85037
85037
85037
85037
85037
85037
85037
85037
85037
85037
85051
85051
85051
85051
85051
85051
85051
85051
85051
85051
85051
85051
85051
85051
85051
85051
85051
85051
85051
85051
85051
85051
85051
85051
85051
85051
85051
85051
85051
85051
85051
85051
85051
85051
85051
85051
85051
85051
85051
85051
85053
85053
85053
85053
85053
85053
85053
85053
85053
85053
85053
85053
85053
85053
85053
85053
85053
85053
85053
85053
85053
85053
85053
85053
85053
85053
85053
85053
85053
85053
85053
85053
85053
85053
85053
85053
85053
85053
85053
85053
85083
85083
85083
85083
85083
85083
85083
85083
85083
85083
85083
85083
85083
85083
85083
85083
85083
85083
85083
85083
85083
85083
85083
85083
85083
85083
85083
85083
85083
85083
85083
85083
85083
85083
85083
85083
85083
85085
85085
85085
85085
85085
85085
85085
85085
85085
85085
85085
85085
85085
85085
85085
85085
85085
85085
85085
85085
85085
85085
85085
85085
85085
85085
85085
85085
85085
85085
85085
85085
85085
85086
85086
85086
85086
85086
85086
85086
85086
85086
85086
85086
85086
85086
85086
85086
85086
85086
85086
85086
85086
85086
85086
85086
85086
85086
85086
85086
85086
85086
85086
85086
85086
85086
85086
85086
85086
85086
85086
85086
85086
85086
85086
85086
85086
85086
85086
85086
85086
85086
85086
85086
85086
85086
85086
85086
85086
85086
85086
85086
85086
85086
85086
85086
85086
85086
85086
85086
85086
85086
85086
85086
85086
85086
85086
85086
85086
85086
85087
85087
85087
85087
85087
85087
85301
85301
85301
85301
85301
85301
85301
85301
85301
85301
85301
85301
85301
85301
85301
85301
85301
85301
85301
85301
85301
85301
85301
85301
85301
85301
85301
85301
85301
85301
85302
85302
85302
85302
85302
85302
85302
85302
85302
85302
85302
85302
85302
85302
85302
85302
85302
85302
85302
85302
85302
85302
85302
85302
85302
85302
85302
85302
85302
85302
85302
85302
85302
85302
85302
85302
85302
85302
85302
85302
85302
85302
85302
85302
85302
85302
85302
85302
85302
85302
85302
85302
85302
85302
85302
85302
85302
85302
85302
85302
85302
85302
85302
85302
85303
85303
85303
85303
85303
85303
85303
85303
85303
85303
85303
85303
85303
85303
85303
85303
85303
85303
85303
85303
85303
85303
85303
85303
85303
85303
85304
85304
85304
85304
85304
85304
85304
85304
85304
85304
85304
85304
85304
85304
85304
85304
85304
85304
85304
85304
85304
85304
85304
85304
85304
85304
85304
85304
85304
85304
85304
85304
85304
85304
85304
85304
85304
85304
85304
85304
85304
85304
85304
85304
85304
85304
85304
85304
85304
85304
85304
85304
85304
85304
85304
85304
85304
85304
85304
85304
85304
85305
85305
85305
85305
85305
85305
85305
85305
85305
85305
85305
85306
85306
85306
85306
85306
85306
85306
85306
85306
85306
85306
85306
85306
85306
85306
85306
85306
85306
85306
85306
85306
85306
85306
85306
85306
85306
85306
85306
85306
85307
85307
85307
85307
85307
85307
85307
85307
85307
85307
85307
85307
85307
85308
85308
85308
85308
85308
85308
85308
85308
85308
85308
85308
85308
85308
85308
85308
85308
85308
85308
85308
85308
85308
85308
85308
85308
85308
85308
85308
85308
85308
85308
85308
85308
85308
85308
85308
85308
85308
85308
85308
85308
85308
85308
85308
85308
85308
85308
85308
85308
85308
85308
85308
85308
85308
85308
85308
85308
85308
85308
85308
85308
85308
85308
85308
85308
85308
85308
85308
85308
85308
85308
85308
85308
85308
85308
85308
85308
85308
85308
85308
85308
85308
85308
85308
85308
85308
85308
85308
85308
85308
85308
85308
85308
85308
85308
85308
85308
85308
85308
85308
85308
85308
85308
85308
85308
85308
85308
85308
85308
85308
85308
85308
85308
85308
85308
85308
85308
85308
85308
85308
85308
85308
85308
85308
85308
85308
85308
85308
85308
85308
85308
85308
85308
85308
85308
85308
85308
85308
85308
85308
85308
85308
85308
85308
85308
85308
85308
85310
85310
85310
85310
85310
85310
85310
85310
85310
85310
85310
85310
85310
85310
85310
85310
85310
85310
85310
85310
85310
85310
85310
85310
85310
85310
85310
85310
85310
85310
85310
85310
85310
85310
85310
85310
85310
85310
85310
85310
85310
85310
85310
85310
85310
85310
85310
85310
85310
85310
85310
85310
85310
85310
85310
85322
85323
85323
85323
85323
85323
85323
85323
85323
85323
85323
85323
85323
85323
85323
85323
85323
85323
85323
85323
85323
85323
85323
85323
85323
85323
85323
85323
85323
85323
85323
85323
85323
85323
85323
85323
85323
85323
85324
85324
85324
85326
85326
85326
85326
85326
85326
85326
85326
85326
85326
85326
85326
85326
85326
85326
85326
85326
85326
85326
85326
85326
85326
85326
85326
85326
85326
85326
85326
85326
85326
85326
85326
85326
85326
85326
85326
85335
85335
85335
85335
85335
85335
85335
85335
85335
85335
85335
85335
85335
85335
85335
85335
85335
85335
85335
85335
85335
85335
85335
85335
85335
85335
85335
85338
85338
85338
85338
85338
85338
85338
85338
85338
85338
85338
85338
85338
85338
85338
85338
85338
85338
85338
85338
85338
85338
85338
85338
85338
85338
85338
85338
85338
85338
85338
85338
85338
85338
85338
85338
85338
85338
85338
85338
85338
85338
85338
85338
85338
85338
85338
85338
85338
85338
85338
85338
85338
85338
85338
85338
85338
85338
85338
85338
85338
85338
85338
85338
85338
85338
85338
85338
85338
85338
85338
85338
85338
85338
85338
85338
85338
85338
85340
85340
85340
85340
85340
85340
85340
85340
85340
85340
85340
85340
85340
85340
85340
85340
85340
85340
85340
85340
85340
85340
85340
85340
85340
85340
85340
85340
85340
85340
85340
85340
85340
85340
85340
85340
85340
85340
85340
85340
85340
85340
85340
85340
85340
85340
85340
85340
85340
85340
85340
85340
85340
85340
85340
85340
85340
85340
85340
85340
85340
85340
85340
85340
85340
85340
85340
85342
85342
85342
85345
85345
85345
85345
85345
85345
85345
85345
85345
85345
85345
85345
85345
85345
85345
85345
85345
85345
85345
85345
85345
85345
85345
85345
85345
85345
85345
85345
85345
85345
85345
85345
85345
85345
85345
85345
85345
85345
85345
85345
85345
85345
85345
85345
85345
85345
85345
85345
85345
85345
85345
85345
85345
85345
85345
85345
85345
85345
85345
85345
85345
85345
85345
85345
85345
85345
85345
85345
85345
85345
85345
85345
85345
85351
85351
85351
85351
85351
85351
85351
85351
85351
85351
85351
85351
85351
85351
85351
85351
85351
85351
85351
85351
85351
85351
85351
85351
85351
85351
85351
85351
85351
85351
85351
85351
85351
85351
85351
85351
85351
85351
85351
85351
85351
85351
85351
85351
85351
85351
85351
85351
85351
85351
85351
85351
85351
85351
85351
85351
85351
85351
85351
85351
85351
85353
85353
85353
85353
85353
85353
85353
85353
85353
85353
85353
85353
85353
85353
85354
85354
85354
85354
85355
85355
85355
85355
85355
85355
85355
85355
85355
85355
85355
85355
85355
85355
85355
85355
85355
85355
85355
85361
85361
85361
85361
85361
85361
85363
85363
85363
85363
85363
85363
85363
85363
85373
85373
85373
85373
85373
85373
85373
85373
85373
85373
85373
85373
85373
85373
85373
85373
85373
85373
85373
85373
85373
85373
85373
85373
85373
85373
85373
85373
85373
85373
85373
85373
85373
85373
85373
85374
85374
85374
85374
85374
85374
85374
85374
85374
85374
85374
85374
85374
85374
85374
85374
85374
85374
85374
85374
85374
85374
85374
85374
85374
85374
85374
85374
85374
85374
85374
85374
85374
85374
85374
85374
85374
85374
85374
85374
85374
85374
85374
85374
85374
85374
85374
85374
85374
85374
85374
85374
85374
85374
85374
85374
85374
85374
85374
85374
85374
85374
85374
85374
85374
85374
85374
85374
85374
85374
85374
85374
85374
85374
85374
85374
85374
85374
85374
85374
85374
85374
85374
85374
85374
85374
85374
85374
85374
85374
85374
85374
85374
85374
85374
85374
85374
85374
85374
85374
85374
85374
85374
85374
85374
85374
85374
85374
85374
85374
85374
85374
85374
85374
85374
85374
85374
85374
85374
85374
85374
85374
85374
85374
85374
85374
85374
85374
85374
85374
85374
85374
85374
85374
85374
85374
85374
85374
85374
85374
85374
85374
85374
85374
85374
85374
85374
85375
85375
85375
85375
85375
85375
85375
85375
85375
85375
85375
85375
85375
85375
85375
85375
85375
85375
85375
85375
85375
85375
85375
85375
85375
85375
85375
85375
85375
85375
85375
85375
85375
85375
85375
85375
85375
85375
85375
85375
85375
85375
85375
85375
85375
85375
85375
85375
85375
85375
85375
85375
85375
85375
85375
85375
85375
85375
85375
85375
85375
85375
85375
85375
85375
85375
85375
85375
85375
85375
85375
85375
85375
85375
85375
85375
85375
85375
85375
85375
85375
85375
85375
85375
85375
85375
85375
85375
85375
85375
85375
85375
85379
85379
85379
85379
85379
85379
85379
85379
85379
85379
85379
85379
85379
85379
85379
85379
85379
85379
85379
85379
85379
85379
85379
85379
85379
85379
85379
85379
85379
85379
85379
85379
85379
85379
85379
85379
85379
85379
85379
85379
85379
85379
85379
85379
85379
85379
85379
85379
85379
85379
85379
85379
85379
85379
85381
85381
85381
85381
85381
85381
85381
85381
85381
85381
85381
85381
85381
85381
85381
85381
85381
85381
85381
85381
85381
85381
85381
85381
85381
85381
85381
85381
85381
85381
85381
85381
85381
85381
85381
85381
85381
85381
85381
85381
85381
85381
85381
85381
85381
85381
85381
85381
85381
85381
85381
85381
85381
85381
85381
85381
85381
85381
85381
85381
85381
85381
85381
85381
85381
85381
85381
85381
85382
85382
85382
85382
85382
85382
85382
85382
85382
85382
85382
85382
85382
85382
85382
85382
85382
85382
85382
85382
85382
85382
85382
85382
85382
85382
85382
85382
85382
85382
85382
85382
85382
85382
85382
85382
85382
85382
85382
85382
85382
85382
85382
85382
85382
85382
85382
85382
85382
85382
85382
85382
85382
85382
85382
85382
85382
85382
85382
85382
85382
85382
85382
85382
85382
85382
85382
85382
85382
85382
85382
85382
85382
85382
85382
85382
85382
85382
85382
85382
85382
85382
85382
85382
85383
85383
85383
85383
85383
85383
85383
85383
85383
85383
85383
85383
85383
85383
85383
85383
85383
85383
85383
85383
85383
85383
85383
85383
85383
85383
85383
85383
85383
85383
85383
85383
85383
85383
85383
85383
85383
85383
85383
85383
85383
85383
85383
85383
85383
85383
85383
85383
85383
85383
85383
85383
85383
85383
85383
85383
85383
85383
85383
85383
85383
85383
85383
85383
85383
85383
85383
85383
85383
85383
85383
85383
85383
85383
85383
85383
85383
85383
85383
85383
85383
85383
85383
85383
85383
85383
85383
85383
85383
85383
85383
85383
85383
85383
85383
85383
85387
85387
85387
85387
85387
85387
85387
85387
85387
85387
85387
85387
85387
85387
85387
85387
85387
85387
85387
85387
85387
85387
85387
85387
85387
85387
85387
85387
85387
85387
85387
85387
85387
85387
85387
85387
85387
85387
85387
85387
85387
85387
85387
85387
85387
85387
85387
85387
85387
85387
85387
85387
85387
85387
85387
85387
85387
85387
85387
85388
85388
85388
85388
85388
85388
85388
85388
85388
85388
85388
85388
85388
85388
85388
85388
85388
85388
85388
85388
85388
85388
85388
85388
85390
85392
85392
85392
85392
85392
85392
85392
85392
85392
85392
85392
85392
85392
85392
85392
85392
85392
85392
85392
85392
85392
85392
85392
85392
85392
85392
85392
85392
85392
85392
85392
85392
85392
85392
85392
85392
85395
85395
85395
85395
85395
85395
85395
85395
85395
85395
85395
85395
85395
85395
85395
85395
85395
85395
85395
85395
85395
85395
85395
85395
85395
85395
85395
85395
85395
85395
85395
85395
85395
85395
85395
85395
85395
85395
85395
85395
85395
85395
85395
85395
85395
85395
85395
85395
85395
85395
85395
85395
85395
85395
85395
85395
85395
85395
85395
85395
85395
85395
85395
85395
85395
85395
85395
85395
85395
85395
85395
85395
85395
85395
85395
85395
85395
85395
85395
85395
85395
85395
85395
85395
85395
85395
85395
85395
85395
85395
85395
85395
85395
85395
85395
85395
85395
85395
85395
85395
85395
85395
85395
85395
85395
85395
85395
85395
85395
85395
85395
85395
85395
85396
85396
85396
85396
85396
85396
85396
85396
85396
85396
85396
85396
85396
85396
85396
85396
85396
85396
85396
85396
85396
85396
85396
85396
85396
85396
85396
86301
86301
86303
86303
86305
86305
86314
86314
86322
86324
86325
86326
86327
86351