85255
85258
85331
85248
85258
85258
85331
85339
85202
85207
85048
85044
85048
85233
85339
85206
85048
85205
85215
85251
85213
85224
85054
85248
85251
85283
85254
85282
85260
85044
85295
85298
85283
85201
85225
85206
85044
85248
85202
85212
85210
85257
85249
85050
85224
85048
85048
85043
85296
85224
85259
85257
85050
85215
85282
85213
85209
85255
85255
85296
85048
85205
85248
85205
85268
85295
85224
85259
85284
85296
85283
85266
85251
85209
85209
85204
85298
85282
85206
85205
85204
85283
85331
85226
85255
85255
85266
85205
85260
85295
85226
85043
85206
85283
85205
85207
85268
85254
85209
85257
85201
85209
85209
85204
85268
85255
85331
85207
85044
85225
85224
85205
85213
85255
85003
85003
85003
85003
85004
85004
85004
85004
85004
85004
85007
85007
85007
85007
85007
85007
85007
85007
85009
85009
85009
85009
85009
85009
85034
85034
85040
85040
85040
85040
85040
85040
85040
85040
85041
85041
85041
85041
85041
85041
85041
85041
85041
85041
85041
85041
85041
85041
85041
85041
85041
85041
85041
85041
85041
85041
85041
85041
85041
85041
85041
85041
85042
85042
85042
85042
85042
85042
85042
85042
85042
85042
85042
85042
85042
85042
85042
85042
85042
85042
85042
85042
85042
85042
85042
85043
85043
85043
85043
85043
85043
85043
85043
85043
85043
85043
85044
85044
85044
85044
85044
85044
85044
85044
85044
85044
85044
85044
85044
85044
85044
85044
85044
85044
85044
85044
85044
85044
85044
85044
85044
85044
85044
85044
85044
85044
85044
85044
85044
85044
85044
85044
85044
85044
85044
85044
85044
85044
85044
85044
85044
85044
85044
85044
85044
85044
85044
85044
85044
85044
85044
85044
85044
85044
85044
85044
85044
85044
85044
85044
85044
85044
85045
85045
85045
85045
85045
85045
85045
85045
85045
85045
85045
85045
85045
85045
85045
85045
85045
85045
85045
85045
85045
85048
85048
85048
85048
85048
85048
85048
85048
85048
85048
85048
85048
85048
85048
85048
85048
85048
85048
85048
85048
85048
85048
85048
85048
85048
85048
85048
85048
85048
85048
85048
85048
85048
85048
85048
85048
85048
85048
85048
85048
85048
85048
85048
85048
85048
85048
85048
85048
85048
85048
85048
85048
85048
85048
85048
85048
85048
85048
85048
85048
85048
85048
85048
85048
85048
85048
85048
85048
85048
85048
85048
85048
85048
85048
85050
85050
85050
85050
85050
85050
85050
85050
85050
85050
85050
85050
85050
85050
85050
85050
85050
85050
85050
85050
85050
85050
85050
85050
85050
85050
85050
85050
85050
85050
85050
85050
85050
85050
85050
85050
85050
85050
85050
85050
85050
85050
85050
85050
85050
85050
85050
85050
85050
85050
85050
85050
85050
85050
85054
85054
85054
85054
85054
85054
85054
85054
85054
85054
85054
85054
85054
85201
85201
85201
85201
85201
85201
85201
85201
85201
85201
85201
85201
85201
85201
85201
85201
85201
85201
85201
85201
85201
85201
85201
85201
85201
85201
85201
85201
85202
85202
85202
85202
85202
85202
85202
85202
85202
85202
85202
85202
85202
85202
85202
85202
85202
85202
85202
85202
85202
85202
85202
85202
85202
85202
85202
85202
85202
85202
85202
85202
85202
85202
85202
85202
85202
85202
85202
85202
85202
85202
85202
85202
85202
85202
85202
85202
85202
85202
85202
85202
85202
85202
85202
85203
85203
85203
85203
85203
85203
85203
85203
85203
85203
85203
85203
85203
85203
85203
85203
85203
85203
85203
85203
85203
85203
85203
85203
85203
85203
85203
85203
85203
85203
85203
85203
85203
85203
85203
85203
85204
85204
85204
85204
85204
85204
85204
85204
85204
85204
85204
85204
85204
85204
85204
85204
85204
85204
85204
85204
85204
85204
85204
85204
85204
85204
85204
85204
85204
85204
85204
85204
85204
85204
85204
85204
85204
85204
85204
85204
85204
85204
85205
85205
85205
85205
85205
85205
85205
85205
85205
85205
85205
85205
85205
85205
85205
85205
85205
85205
85205
85205
85205
85205
85205
85205
85205
85205
85205
85205
85205
85205
85205
85205
85205
85205
85205
85205
85205
85205
85205
85205
85205
85205
85205
85205
85205
85205
85205
85205
85205
85205
85205
85205
85205
85205
85205
85205
85205
85205
85205
85205
85206
85206
85206
85206
85206
85206
85206
85206
85206
85206
85206
85206
85206
85206
85206
85206
85206
85206
85206
85206
85206
85206
85206
85206
85206
85206
85206
85206
85206
85206
85206
85206
85206
85206
85206
85206
85206
85206
85206
85206
85206
85206
85206
85206
85206
85206
85206
85206
85206
85206
85206
85206
85206
85206
85206
85206
85206
85206
85206
85206
85207
85207
85207
85207
85207
85207
85207
85207
85207
85207
85207
85207
85207
85207
85207
85207
85207
85207
85207
85207
85207
85207
85207
85207
85207
85207
85207
85207
85207
85207
85207
85207
85207
85207
85207
85207
85207
85207
85207
85207
85207
85207
85207
85207
85207
85207
85207
85207
85207
85207
85207
85207
85207
85207
85207
85207
85207
85207
85207
85207
85207
85207
85207
85207
85208
85208
85208
85208
85208
85208
85208
85208
85208
85208
85208
85208
85208
85208
85208
85208
85208
85208
85208
85208
85208
85208
85208
85208
85208
85208
85208
85208
85208
85208
85208
85208
85208
85208
85208
85208
85208
85208
85208
85208
85208
85208
85208
85208
85208
85208
85208
85209
85209
85209
85209
85209
85209
85209
85209
85209
85209
85209
85209
85209
85209
85209
85209
85209
85209
85209
85209
85209
85209
85209
85209
85209
85209
85209
85209
85209
85209
85209
85209
85209
85209
85209
85209
85209
85209
85209
85209
85209
85209
85209
85209
85209
85209
85209
85209
85209
85209
85209
85209
85209
85209
85209
85209
85209
85209
85209
85209
85209
85209
85209
85209
85209
85209
85209
85209
85209
85210
85210
85210
85210
85210
85210
85210
85210
85210
85210
85210
85210
85210
85210
85210
85210
85210
85210
85210
85210
85210
85212
85212
85212
85212
85212
85212
85212
85212
85212
85212
85212
85212
85212
85212
85212
85212
85212
85212
85212
85212
85212
85212
85212
85212
85212
85212
85212
85213
85213
85213
85213
85213
85213
85213
85213
85213
85213
85213
85213
85213
85213
85213
85213
85213
85213
85213
85213
85213
85213
85213
85213
85213
85213
85213
85213
85213
85213
85213
85213
85213
85213
85213
85215
85215
85215
85215
85215
85215
85215
85215
85215
85215
85215
85215
85215
85215
85215
85215
85215
85215
85215
85215
85215
85215
85215
85215
85215
85215
85215
85215
85215
85215
85215
85215
85215
85218
85218
85218
85218
85218
85218
85218
85218
85218
85218
85218
85219
85219
85219
85219
85219
85219
85219
85219
85219
85220
85220
85220
85220
85220
85220
85220
85220
85220
85220
85220
85220
85220
85222
85222
85222
85222
85222
85222
85224
85224
85224
85224
85224
85224
85224
85224
85224
85224
85224
85224
85224
85224
85224
85224
85224
85224
85224
85224
85224
85224
85224
85224
85224
85224
85224
85224
85224
85224
85224
85224
85224
85224
85224
85224
85224
85224
85224
85224
85224
85224
85224
85224
85224
85224
85224
85224
85224
85224
85224
85224
85224
85224
85224
85224
85224
85224
85224
85224
85224
85224
85224
85224
85224
85224
85224
85225
85225
85225
85225
85225
85225
85225
85225
85225
85225
85225
85225
85225
85225
85225
85225
85225
85225
85225
85225
85225
85225
85225
85225
85225
85225
85225
85225
85225
85225
85225
85225
85225
85225
85225
85225
85225
85225
85225
85225
85225
85225
85225
85225
85225
85225
85225
85225
85225
85225
85225
85225
85225
85225
85225
85225
85225
85225
85225
85225
85225
85225
85225
85225
85225
85225
85225
85225
85225
85225
85225
85225
85225
85225
85225
85225
85225
85225
85225
85226
85226
85226
85226
85226
85226
85226
85226
85226
85226
85226
85226
85226
85226
85226
85226
85226
85226
85226
85226
85226
85226
85226
85226
85226
85226
85226
85226
85226
85226
85226
85226
85226
85226
85226
85226
85226
85226
85226
85226
85226
85226
85226
85226
85226
85226
85226
85226
85226
85226
85226
85226
85226
85226
85226
85226
85226
85226
85226
85226
85226
85226
85226
85226
85226
85226
85226
85226
85228
85233
85233
85233
85233
85233
85233
85233
85233
85233
85233
85233
85233
85233
85233
85233
85233
85233
85233
85233
85233
85233
85233
85233
85233
85233
85233
85233
85233
85233
85233
85233
85233
85233
85233
85233
85233
85233
85233
85233
85233
85233
85233
85233
85233
85233
85233
85233
85233
85233
85233
85233
85233
85233
85233
85233
85233
85233
85233
85233
85233
85233
85233
85233
85233
85233
85233
85233
85233
85233
85233
85233
85233
85233
85234
85234
85234
85234
85234
85234
85234
85234
85234
85234
85234
85234
85234
85234
85234
85234
85234
85234
85234
85234
85234
85234
85234
85234
85234
85234
85234
85234
85234
85234
85234
85234
85234
85234
85234
85234
85234
85234
85234
85234
85234
85234
85234
85234
85234
85234
85234
85234
85234
85234
85234
85234
85234
85234
85234
85234
85234
85234
85234
85234
85234
85234
85234
85236
85236
85238
85238
85238
85238
85238
85238
85238
85238
85238
85238
85239
85239
85239
85239
85239
85240
85242
85242
85242
85242
85242
85242
85242
85242
85242
85242
85242
85242
85242
85242
85242
85242
85242
85242
85243
85243
85243
85243
85243
85243
85243
85243
85243
85248
85248
85248
85248
85248
85248
85248
85248
85248
85248
85248
85248
85248
85248
85248
85248
85248
85248
85248
85248
85248
85248
85248
85248
85248
85248
85248
85248
85248
85248
85248
85248
85248
85248
85248
85248
85248
85248
85248
85248
85248
85248
85248
85248
85248
85248
85248
85248
85248
85248
85248
85248
85248
85248
85248
85248
85248
85248
85248
85248
85248
85248
85248
85248
85248
85248
85248
85248
85248
85248
85248
85248
85248
85248
85248
85248
85248
85248
85248
85248
85248
85248
85248
85248
85248
85248
85248
85248
85248
85248
85248
85248
85248
85248
85248
85248
85248
85248
85248
85248
85248
85248
85248
85248
85248
85248
85248
85248
85248
85248
85248
85248
85248
85248
85248
85248
85249
85249
85249
85249
85249
85249
85249
85249
85249
85249
85249
85249
85249
85249
85249
85249
85249
85249
85249
85249
85249
85249
85249
85249
85249
85249
85249
85249
85249
85249
85249
85249
85249
85249
85249
85249
85249
85249
85249
85249
85249
85249
85249
85249
85249
85249
85249
85249
85249
85249
85249
85249
85249
85249
85249
85249
85249
85249
85249
85249
85249
85249
85249
85249
85249
85249
85249
85249
85249
85249
85249
85249
85249
85249
85249
85249
85249
85250
85250
85250
85250
85250
85250
85250
85250
85250
85250
85250
85250
85250
85250
85250
85250
85250
85250
85250
85250
85250
85250
85250
85250
85250
85250
85250
85250
85250
85250
85250
85250
85250
85250
85250
85250
85250
85250
85251
85251
85251
85251
85251
85251
85251
85251
85251
85251
85251
85251
85251
85251
85251
85251
85251
85251
85251
85251
85251
85251
85251
85251
85251
85251
85251
85251
85251
85251
85251
85251
85251
85251
85251
85251
85251
85251
85251
85251
85251
85251
85251
85251
85251
85251
85251
85251
85251
85251
85251
85251
85251
85251
85251
85251
85251
85251
85251
85251
85251
85253
85253
85253
85253
85253
85253
85253
85253
85253
85253
85253
85253
85253
85253
85253
85253
85253
85253
85253
85253
85253
85253
85253
85253
85253
85253
85254
85254
85254
85254
85254
85254
85254
85254
85254
85254
85254
85254
85254
85254
85254
85254
85254
85254
85254
85254
85254
85254
85254
85254
85254
85254
85254
85254
85254
85254
85254
85254
85254
85254
85254
85254
85254
85254
85254
85254
85254
85254
85254
85254
85254
85254
85254
85254
85254
85254
85254
85254
85254
85254
85254
85254
85254
85254
85254
85254
85254
85254
85254
85254
85254
85254
85254
85254
85254
85254
85254
85254
85254
85254
85254
85254
85254
85254
85254
85254
85254
85254
85254
85254
85254
85254
85254
85254
85254
85254
85254
85254
85254
85254
85254
85254
85254
85254
85254
85254
85254
85254
85254
85254
85254
85254
85254
85254
85254
85254
85254
85254
85254
85254
85254
85254
85254
85254
85254
85254
85254
85254
85254
85254
85254
85254
85254
85254
85254
85254
85254
85254
85254
85254
85254
85255
85255
85255
85255
85255
85255
85255
85255
85255
85255
85255
85255
85255
85255
85255
85255
85255
85255
85255
85255
85255
85255
85255
85255
85255
85255
85255
85255
85255
85255
85255
85255
85255
85255
85255
85255
85255
85255
85255
85255
85255
85255
85255
85255
85255
85255
85255
85255
85255
85255
85255
85255
85255
85255
85255
85255
85255
85255
85255
85255
85255
85255
85255
85255
85255
85255
85255
85255
85255
85255
85255
85255
85255
85255
85255
85255
85255
85255
85255
85255
85255
85255
85255
85255
85255
85255
85255
85255
85255
85255
85255
85255
85255
85255
85255
85255
85255
85255
85255
85255
85255
85255
85255
85256
85257
85257
85257
85257
85257
85257
85257
85257
85257
85257
85257
85257
85257
85257
85257
85257
85257
85257
85257
85257
85257
85257
85257
85257
85257
85257
85257
85257
85257
85257
85257
85258
85258
85258
85258
85258
85258
85258
85258
85258
85258
85258
85258
85258
85258
85258
85258
85258
85258
85258
85258
85258
85258
85258
85258
85258
85258
85258
85258
85258
85258
85258
85258
85258
85258
85258
85258
85258
85258
85258
85258
85258
85258
85258
85258
85258
85258
85258
85258
85258
85258
85258
85258
85258
85258
85258
85258
85258
85258
85258
85258
85258
85258
85258
85258
85258
85258
85258
85259
85259
85259
85259
85259
85259
85259
85259
85259
85259
85259
85259
85259
85259
85259
85259
85259
85259
85259
85259
85259
85259
85259
85259
85259
85259
85259
85259
85259
85259
85259
85259
85259
85259
85259
85259
85259
85259
85259
85259
85259
85259
85259
85259
85259
85259
85259
85259
85259
85259
85259
85259
85259
85260
85260
85260
85260
85260
85260
85260
85260
85260
85260
85260
85260
85260
85260
85260
85260
85260
85260
85260
85260
85260
85260
85260
85260
85260
85260
85260
85260
85260
85260
85260
85260
85260
85260
85260
85260
85260
85260
85260
85260
85260
85260
85260
85260
85260
85260
85260
85260
85260
85260
85260
85260
85260
85260
85260
85260
85260
85260
85260
85260
85260
85260
85260
85260
85260
85260
85260
85260
85260
85260
85260
85260
85260
85260
85260
85260
85260
85260
85260
85260
85260
85262
85262
85262
85262
85262
85262
85262
85262
85262
85262
85262
85262
85262
85262
85262
85262
85262
85262
85262
85262
85262
85262
85262
85262
85262
85262
85262
85262
85262
85262
85262
85262
85262
85262
85263
85263
85263
85264
85266
85266
85266
85266
85266
85266
85266
85266
85266
85266
85266
85266
85266
85266
85266
85266
85266
85266
85268
85268
85268
85268
85268
85268
85268
85268
85268
85268
85268
85268
85268
85268
85268
85268
85268
85268
85268
85268
85268
85268
85268
85268
85268
85268
85268
85268
85268
85268
85268
85268
85268
85268
85268
85268
85268
85268
85268
85268
85268
85268
85268
85268
85268
85268
85268
85268
85268
85268
85268
85268
85268
85268
85268
85268
85268
85268
85268
85268
85268
85268
85268
85268
85268
85268
85281
85281
85281
85281
85281
85281
85281
85281
85281
85281
85281
85281
85281
85281
85281
85281
85281
85281
85281
85281
85281
85281
85281
85281
85281
85281
85281
85281
85281
85281
85281
85281
85281
85281
85281
85282
85282
85282
85282
85282
85282
85282
85282
85282
85282
85282
85282
85282
85282
85282
85282
85282
85282
85282
85282
85282
85282
85282
85282
85282
85282
85282
85282
85282
85282
85282
85282
85282
85282
85282
85282
85282
85282
85282
85282
85282
85282
85282
85282
85282
85282
85282
85282
85282
85282
85282
85282
85282
85282
85282
85282
85282
85282
85282
85282
85282
85282
85282
85282
85282
85283
85283
85283
85283
85283
85283
85283
85283
85283
85283
85283
85283
85283
85283
85283
85283
85283
85283
85283
85283
85283
85283
85283
85283
85283
85283
85283
85283
85283
85283
85283
85283
85283
85283
85283
85283
85283
85283
85283
85283
85283
85283
85283
85283
85283
85283
85283
85283
85283
85283
85283
85283
85283
85283
85283
85283
85283
85283
85283
85283
85283
85283
85283
85283
85283
85283
85284
85284
85284
85284
85284
85284
85284
85284
85284
85284
85284
85284
85284
85284
85284
85284
85284
85284
85284
85284
85284
85284
85284
85284
85284
85284
85284
85284
85284
85284
85284
85284
85284
85284
85284
85284
85284
85284
85284
85284
85284
85284
85284
85284
85284
85284
85284
85284
85284
85284
85284
85284
85284
85284
85284
85284
85284
85284
85284
85284
85284
85284
85284
85286
85286
85286
85286
85286
85286
85286
85286
85286
85286
85286
85286
85286
85286
85286
85286
85286
85286
85286
85286
85286
85286
85286
85286
85286
85286
85286
85286
85286
85286
85286
85286
85286
85286
85286
85286
85286
85286
85286
85286
85286
85286
85287
85295
85295
85295
85295
85295
85295
85295
85295
85295
85295
85295
85295
85295
85295
85295
85295
85295
85295
85295
85295
85295
85295
85295
85295
85295
85295
85295
85295
85295
85295
85295
85295
85295
85295
85295
85295
85295
85295
85295
85295
85295
85296
85296
85296
85296
85296
85296
85296
85296
85296
85296
85296
85296
85296
85296
85296
85296
85296
85296
85296
85296
85296
85296
85296
85296
85296
85296
85296
85296
85296
85296
85296
85296
85296
85296
85296
85296
85296
85296
85296
85296
85296
85296
85296
85296
85297
85297
85297
85297
85297
85297
85297
85297
85297
85297
85297
85297
85297
85297
85297
85297
85297
85297
85297
85297
85297
85297
85297
85297
85297
85297
85297
85297
85297
85297
85297
85297
85298
85298
85298
85298
85298
85298
85298
85298
85298
85298
85298
85298
85298
85298
85298
85298
85298
85298
85298
85298
85298
85298
85298
85298
85298
85298
85298
85298
85298
85298
85331
85331
85331
85331
85331
85331
85331
85331
85331
85331
85331
85331
85331
85331
85331
85331
85331
85331
85331
85331
85331
85331
85331
85331
85331
85331
85331
85331
85331
85331
85331
85331
85331
85331
85331
85331
85331
85331
85331
85331
85331
85331
85331
85331
85331
85331
85331
85331
85331
85331
85331
85339
85339
85339
85339
85339
85339
85339
85339
85339
85339
85339
85339
85339
85339
85339
85339
85339
85339
85339
85339
85339
85339
85339
85339
85339
85339
85339
85339
85339
85339
85339
85339
85541
85541
85541
85544
85544
85618
85623
85623
85623
85623
85623
85623
85631
85631